Run	N_CMC	N_CME	N_CMS	MIG_C2E	MIG_E2C	MIG_G2C	MIG_G2E	SURF	HYBR	DIV03	DIV32	MaxEstLhood	MaxObsLhood
run1	17608	4033	487147	2.19765e-04	1.04158e-04	2.76416e-05	8.99567e-05	0.3797217	1933	51596	64289	-62997161.850	-62104704.213
run2	17538	3327	485283	2.99461e-04	1.02113e-04	2.43554e-05	1.06167e-04	0.4450474	1992	52357	62797	-62991020.356	-62104704.213
run3	11186	1759	471602	6.20893e-04	2.01701e-04	3.90714e-05	2.09202e-04	0.4656400	1119	32554	69371	-62961151.507	-62104704.213
run4	12122	2129	468126	6.95144e-04	1.41917e-04	3.39286e-05	1.41177e-04	0.6432428	1377	37221	65886	-62968051.033	-62104704.213
run5	1097	8398	501018	7.38714e-04	1.98230e-04	2.35269e-04	5.93468e-06	0.3100940	5352	7947	71269	-63386708.504	-62104704.213
run6	2258	15371	465228	9.17546e-05	1.11503e-04	1.45375e-04	8.36548e-06	0.1043391	1288	3763	71004	-63364377.985	-62104704.213
run7	12590	2770	449546	4.10495e-04	9.54584e-05	4.39135e-05	1.23221e-04	0.4793261	1724	39985	65611	-62979119.446	-62104704.213
run8	1110	7814	477098	6.63398e-04	2.39180e-04	2.28950e-04	1.47629e-05	0.1426472	4938	12173	71505	-63383381.033	-62104704.213
run9	11310	2151	470446	5.32696e-04	1.75472e-04	3.48870e-05	1.74649e-04	0.4897666	1340	35385	66373	-62965776.651	-62104704.213
run10	11932	1858	474728	7.05693e-04	1.69399e-04	3.26871e-05	1.94516e-04	0.5771633	1260	36088	65188	-62964997.602	-62104704.213
run11	8808	1267	517383	0.0011492	2.02953e-04	4.43552e-05	2.56308e-04	0.7158515	925	25006	68641	-62953285.316	-62104704.213
run12	13841	2604	488567	5.41462e-04	1.26755e-04	3.23931e-05	1.19136e-04	0.5442403	1420	40164	65277	-62974827.556	-62104704.213
run13	15629	1769	482701	8.31725e-04	1.36692e-04	2.37570e-05	2.08178e-04	0.7168609	1414	46594	64057	-62973368.474	-62104704.213
run14	1550	5466	443597	6.63811e-04	1.19466e-04	1.69527e-04	3.54012e-05	0.7800108	27879	32870	70086	-63379598.362	-62104704.213
run15	9510	1126	487702	0.0012377	1.97279e-04	4.22011e-05	3.41817e-04	0.7028094	939	26016	67090	-62951667.813	-62104704.213
run16	14543	3879	453271	2.12939e-04	1.14374e-04	2.94475e-05	8.04767e-05	0.3992478	1838	45185	65439	-62987558.670	-62104704.213
run17	14832	2036	483350	6.34181e-04	1.19430e-04	2.86933e-05	1.69675e-04	0.6107752	1525	41250	65671	-62968938.043	-62104704.213
run18	11666	2862	471087	3.72399e-04	1.03163e-04	4.69946e-05	1.20617e-04	0.4718611	1468	33056	67409	-62977775.734	-62104704.213
run19	14405	3327	473747	3.46762e-04	1.01042e-04	3.22921e-05	1.00790e-04	0.4858619	1829	41249	66576	-62983353.638	-62104704.213
run20	9535	1822	455243	7.54605e-04	1.79720e-04	4.45331e-05	1.71052e-04	0.5612123	1071	26756	68902	-62958753.696	-62104704.213
run21	12782	2664	475798	3.72235e-04	1.61540e-04	3.61024e-05	1.36180e-04	0.3909962	1359	35321	69707	-62971705.111	-62104704.213
run22	8572	1111	473206	0.0011967	2.07954e-04	5.30421e-05	3.14422e-04	0.6607766	846	22773	65630	-62949012.918	-62104704.213
run23	9064	1508	461435	0.0010114	1.69362e-04	4.68959e-05	2.00639e-04	0.6646071	993	24790	69238	-62957516.229	-62104704.213
run24	13923	3389	465654	3.43341e-04	1.07652e-04	3.60214e-05	9.93390e-05	0.4370687	1747	43803	67893	-62983603.357	-62104704.213
run25	3836	1020	477648	0.0011986	2.77172e-04	1.16175e-04	3.48069e-04	0.6199746	754	56410	65171	-62984489.918	-62104704.213
run26	1062	6387	472086	6.54351e-04	2.53849e-04	2.34924e-04	2.49789e-05	0.1999835	4421	9740	71870	-63379326.371	-62104704.213
run27	8515	1142	490786	0.0011921	2.34490e-04	4.41435e-05	2.82351e-04	0.6538201	862	23930	69738	-62950635.670	-62104704.213
run28	10678	1354	453695	9.17913e-04	1.78599e-04	4.14592e-05	2.57841e-04	0.6379566	1086	30730	66839	-62955935.119	-62104704.213
run29	4692	1354	448604	0.0010434	1.65588e-04	1.00777e-04	2.28576e-04	0.7218256	996	60045	67486	-62987840.380	-62104704.213
run30	8168	2327	482606	4.20204e-04	1.92279e-04	5.31068e-05	1.41356e-04	0.4132450	1086	22794	67692	-62969111.201	-62104704.213
run31	14401	2701	462233	3.48948e-04	1.40384e-04	3.48645e-05	1.47064e-04	0.3973908	1582	43927	67712	-62981132.234	-62104704.213
run32	16536	4014	461162	2.94847e-04	1.00671e-04	2.58176e-05	7.85416e-05	0.4555818	2012	56673	62041	-62995746.819	-62104704.213
run33	11869	1852	473504	5.06765e-04	2.18543e-04	3.34125e-05	2.04647e-04	0.4203761	1145	36190	65420	-62963992.051	-62104704.213
run34	12085	2289	491367	3.68751e-04	1.74717e-04	3.41967e-05	1.65570e-04	0.4261354	1248	35097	64091	-62970068.702	-62104704.213
run35	15365	3416	462913	3.26364e-04	9.58007e-05	2.85897e-05	9.42130e-05	0.5039325	1946	50547	62339	-62985760.497	-62104704.213
run36	17435	4550	472581	2.78155e-04	9.68343e-05	2.41803e-05	6.10129e-05	0.4831610	2093	53983	63231	-63001186.071	-62104704.213
run37	9131	1604	440881	8.60153e-04	1.64025e-04	5.61797e-05	2.02364e-04	0.5861531	1012	25825	66090	-62956452.537	-62104704.213
run38	10327	1722	478281	6.67448e-04	1.67992e-04	4.65977e-05	2.16145e-04	0.5126717	1162	31527	65130	-62960556.512	-62104704.213
run39	12203	2355	473518	5.39436e-04	1.63019e-04	2.92541e-05	1.32502e-04	0.5062396	1326	35628	66804	-62966759.213	-62104704.213
run40	15217	3893	468082	2.54178e-04	1.08597e-04	2.45362e-05	9.69784e-05	0.4006604	2172	50034	65784	-62992261.379	-62104704.213
run41	8565	1695	465195	7.49393e-04	1.91244e-04	5.88717e-05	2.09080e-04	0.4999101	961	24094	68947	-62955886.363	-62104704.213
run42	6956	1554	491563	3.85894e-04	3.33693e-04	6.66988e-05	2.63460e-04	0.3182431	730	18083	69273	-62958879.264	-62104704.213
run43	11995	1562	455558	9.04315e-04	1.28437e-04	3.70826e-05	2.06776e-04	0.7625397	1285	33925	66610	-62959766.788	-62104704.213
run44	10852	2354	453035	3.55934e-04	1.51507e-04	5.02321e-05	1.72751e-04	0.3768993	1247	30389	65233	-62967390.049	-62104704.213
run45	9575	1689	473073	6.71265e-04	1.71943e-04	5.36448e-05	2.22111e-04	0.5144171	1054	25733	64933	-62959179.755	-62104704.213
run46	1787	9923	443665	4.19591e-04	1.06784e-04	1.57951e-04	1.63229e-05	0.1024825	6394	58273	71195	-63391413.361	-62104704.213
run47	13822	3697	455076	2.34802e-04	1.23962e-04	3.10408e-05	8.35361e-05	0.4093951	1737	42501	62530	-62983822.859	-62104704.213
run48	12195	1947	484542	6.95089e-04	1.66331e-04	3.16758e-05	1.58425e-04	0.5988012	1232	35907	70212	-62965448.323	-62104704.213
run49	12011	3174	466340	2.91081e-04	1.34104e-04	4.05238e-05	9.19126e-05	0.4197357	1440	35039	63029	-62976648.014	-62104704.213
run50	9385	1763	483562	6.52143e-04	1.96707e-04	4.70188e-05	1.95134e-04	0.4651830	1073	27430	66063	-62957788.924	-62104704.213
run51	10069	1503	446869	8.45537e-04	1.81054e-04	4.61184e-05	2.29818e-04	0.5446248	1024	28009	66355	-62955790.034	-62104704.213
run52	14279	3430	485230	2.73770e-04	1.02307e-04	3.72953e-05	9.56711e-05	0.4247766	1742	41845	66275	-62986482.587	-62104704.213
run53	8418	1204	469270	0.0011261	2.08966e-04	5.86758e-05	3.03022e-04	0.5918693	852	22992	66376	-62950543.319	-62104704.213
run54	10796	1641	484914	7.84354e-04	1.77773e-04	3.93481e-05	2.12762e-04	0.5849155	1134	30473	64933	-62957866.399	-62104704.213
run55	5324	1034	461720	0.0011676	3.40965e-04	9.37508e-05	3.07606e-04	0.5058260	565	14418	70658	-62946428.388	-62104704.213
run56	13856	3178	469603	2.58774e-04	1.59859e-04	2.73528e-05	9.58244e-05	0.3945442	1461	38174	69200	-62981917.055	-62104704.213
run57	8697	1840	455337	5.85863e-04	1.85135e-04	5.23056e-05	1.70683e-04	0.5046288	1073	23935	65181	-62961200.455	-62104704.213
run58	5478	1077	460242	0.0011876	3.15808e-04	9.39739e-05	3.05899e-04	0.4871599	586	14448	66540	-62946720.995	-62104704.213
run59	9566	1686	474341	6.53255e-04	1.81638e-04	5.74705e-05	2.11957e-04	0.4770936	966	25758	63868	-62956976.141	-62104704.213
run60	9458	1952	465689	6.48427e-04	1.62472e-04	4.48637e-05	1.68767e-04	0.5514709	1150	27254	66135	-62961015.107	-62104704.213
run61	14378	3711	478175	1.67161e-04	1.23331e-04	3.42734e-05	9.42141e-05	0.3548827	1765	45017	62918	-62987854.209	-62104704.213
run62	8795	1463	469914	6.25611e-04	2.67940e-04	5.31733e-05	2.48485e-04	0.4180189	813	23008	71121	-62954154.105	-62104704.213
run63	8035	1031	477015	0.0011816	3.08821e-04	5.29785e-05	3.47263e-04	0.5441872	682	22254	70736	-62948340.506	-62104704.213
run64	10380	2170	435374	4.02703e-04	1.72625e-04	4.53258e-05	1.73901e-04	0.4185666	1150	30976	66203	-62966213.510	-62104704.213
run65	1497	8380	442679	5.82094e-04	1.47088e-04	1.69955e-04	1.18680e-05	0.7439915	50635	62101	69861	-63390740.921	-62104704.213
run66	14250	3403	487249	1.90605e-04	1.48973e-04	3.13979e-05	1.11532e-04	0.3578486	1649	44318	67709	-62987443.602	-62104704.213
run67	13704	3486	473344	1.72172e-04	1.54679e-04	2.74379e-05	9.92810e-05	0.3603037	1636	38537	66417	-62986609.658	-62104704.213
run68	7262	9230	442264	2.16577e-04	2.44881e-05	3.63935e-05	3.20137e-05	0.3220143	54939	63984	66684	-63390664.627	-62104704.213
run69	13964	3030	480587	3.71741e-04	1.12083e-04	2.95877e-05	1.15318e-04	0.4857223	1794	42683	67340	-62980603.675	-62104704.213
run70	10684	1061	473133	0.0014128	2.23117e-04	2.68276e-05	3.17342e-04	0.8414760	889	30003	68450	-62950282.636	-62104704.213
run71	7742	1107	463396	0.0013993	2.69817e-04	5.08642e-05	3.02780e-04	0.6626977	718	20817	66925	-62948745.131	-62104704.213
run72	9513	1088	456598	0.0011803	2.19471e-04	4.39211e-05	3.11209e-04	0.6482333	866	24923	69680	-62950715.764	-62104704.213
run73	15088	4028	438498	3.34913e-04	7.74699e-05	2.95086e-05	7.13438e-05	0.5193989	2229	47704	62376	-62993420.150	-62104704.213
run74	16977	4535	451826	2.15815e-04	1.12167e-04	2.05002e-05	7.75773e-05	0.4160170	2230	57860	62988	-63001291.440	-62104704.213
run75	11483	2069	478980	6.76077e-04	1.27590e-04	3.62859e-05	1.64672e-04	0.6544988	1454	35739	65252	-62968215.204	-62104704.213
run76	13123	2671	500714	3.69296e-04	1.80277e-04	2.75964e-05	1.22820e-04	0.4346822	1392	40376	69180	-62976948.836	-62104704.213
run77	16680	3031	489244	3.66931e-04	1.03284e-04	2.92483e-05	1.21050e-04	0.4573570	1775	53420	64167	-62988384.868	-62104704.213
run78	15135	4214	451833	2.00244e-04	1.02600e-04	2.53532e-05	8.20881e-05	0.4208168	2101	53199	62833	-62999105.040	-62104704.213
run79	17762	3940	476042	2.94094e-04	8.81835e-05	2.31735e-05	7.74809e-05	0.4932226	2192	55915	66334	-62995851.805	-62104704.213
run80	13154	2232	482556	5.18630e-04	1.69776e-04	3.34160e-05	1.48592e-04	0.4857125	1284	36559	68700	-62964710.282	-62104704.213
run81	11346	10667	478711	1.76534e-04	1.53057e-05	2.14653e-05	2.75674e-05	0.5245047	58903	63530	65378	-63403423.472	-62104704.213
run82	13455	3900	473416	2.03306e-04	1.18334e-04	3.20299e-05	9.03492e-05	0.3805115	1830	41087	62487	-62985530.997	-62104704.213
run83	15592	2970	499289	4.55054e-04	8.57737e-05	2.98774e-05	1.03870e-04	0.6109482	1929	49126	66001	-62985023.497	-62104704.213
run84	12301	2352	466291	4.19120e-04	1.45608e-04	3.61077e-05	1.60909e-04	0.4286799	1473	39570	65570	-62971596.350	-62104704.213
run85	8559	1159	459279	0.0011540	2.51268e-04	4.90947e-05	2.87047e-04	0.6169303	805	24056	66514	-62948159.707	-62104704.213
run86	1306	12365	462334	6.00663e-04	1.67242e-04	2.11373e-04	2.95986e-07	0.1550694	3678	5417	70040	-63388374.666	-62104704.213
run87	15592	3215	446048	3.44280e-04	1.35856e-04	2.56443e-05	1.02708e-04	0.4613552	1703	45401	68234	-62981233.557	-62104704.213
run88	9764	1521	485172	8.14898e-04	2.13786e-04	3.93772e-05	2.23995e-04	0.5441802	1009	28487	68360	-62955494.140	-62104704.213
run89	12258	1579	467396	7.25403e-04	1.78230e-04	3.16869e-05	2.36250e-04	0.5314261	1234	35770	67598	-62962496.873	-62104704.213
run90	6754	1020	466554	0.0011322	2.68914e-04	6.51409e-05	3.18969e-04	0.5847164	747	19368	69529	-62947303.107	-62104704.213
run91	13286	3313	500349	2.74171e-04	1.54793e-04	3.49388e-05	1.08731e-04	0.3934482	1583	41135	65407	-62983173.641	-62104704.213
run92	12727	1637	473039	7.59512e-04	1.29239e-04	3.89887e-05	2.13438e-04	0.5842620	1277	35417	68155	-62962900.613	-62104704.213
run93	12461	2729	490959	4.10520e-04	1.34596e-04	3.50142e-05	1.19419e-04	0.4611859	1508	36451	62743	-62975124.499	-62104704.213
run94	13727	3468	496323	2.26103e-04	1.52741e-04	2.98105e-05	8.65816e-05	0.3802223	1524	40754	65580	-62987779.078	-62104704.213
run95	9887	1768	467155	7.34945e-04	1.82348e-04	3.88743e-05	1.89997e-04	0.5599317	1078	27632	65235	-62960481.721	-62104704.213
run96	15906	2993	474066	4.20028e-04	1.16858e-04	2.46018e-05	1.13902e-04	0.5146312	1822	49021	62744	-62983661.029	-62104704.213
run97	12335	3349	469842	3.54959e-04	1.10178e-04	3.83266e-05	1.02880e-04	0.4821437	1692	38928	67687	-62983968.702	-62104704.213
run98	18254	3630	492715	2.75482e-04	1.04514e-04	2.17023e-05	8.96055e-05	0.4196945	2068	57463	63330	-62995644.457	-62104704.213
run99	17872	3487	504268	3.95749e-04	9.14144e-05	2.19677e-05	8.92333e-05	0.5607028	2099	59499	64171	-62995351.411	-62104704.213
run100	5764	1579	497824	7.27951e-04	1.98604e-04	8.15141e-05	2.42808e-04	0.5223299	1123	63516	66185	-62988774.069	-62104704.213
