Run	N_CMC	N_CME	N_CMS	MIG_C2E	MIG_E2C	MIG_S2C	MIG_S2E	MIG_G2C	MIG_G2E	SURF	HYBR	DIV03	DIV32	MaxEstLhood	MaxObsLhood
run1	5998	4088	334829	4.26162e-04	3.42621e-05	3.22703e-05	5.58179e-05	3.83676e-06	8.38722e-06	0.3484203	140861	161848	519376	-63168313.759	-62104704.213
run2	6239	3940	331151	4.05551e-04	4.14360e-05	2.81453e-05	5.79523e-05	3.42838e-06	6.95240e-06	0.4444030	143342	431878	611709	-63169483.686	-62104704.213
run3	1081	1816	341601	0.0012693	2.61284e-04	1.44333e-04	1.15830e-04	3.02630e-05	1.51089e-05	0.4963967	76018	163501	536220	-63165318.700	-62104704.213
run4	3538	1682	352805	9.30725e-04	6.91232e-05	5.20839e-05	1.47316e-04	8.63110e-06	2.07951e-05	0.3776392	101699	182664	486832	-63162421.124	-62104704.213
run5	1167	2229	355851	0.0010401	2.34364e-04	1.31805e-04	9.34358e-05	3.13403e-05	1.29850e-05	0.5615589	58857	178823	480308	-63165005.768	-62104704.213
run6	6313	3831	333033	4.29676e-04	3.91818e-05	3.00262e-05	6.14979e-05	3.38267e-06	6.99799e-06	0.3417671	157661	323554	602956	-63166150.386	-62104704.213
run7	1574	1713	344533	0.0011606	1.47591e-04	1.14613e-04	1.25666e-04	1.66910e-05	1.74009e-05	0.6207968	64433	173386	627976	-63166133.927	-62104704.213
run8	2387	1788	339642	9.99127e-04	1.05550e-04	7.20948e-05	1.32030e-04	1.13719e-05	1.57297e-05	0.3381935	79621	120576	599939	-63163239.805	-62104704.213
run9	2016	5787	344939	4.58973e-04	1.48487e-04	8.09109e-05	3.11157e-05	1.38731e-05	2.08101e-06	0.7836405	74410	115242	603868	-63173880.172	-62104704.213
run10	1066	11663	335789	3.92732e-07	8.19561e-04	5.36497e-05	2.84740e-05	2.75547e-05	1.98172e-06	0.6573644	156505	568480	590409	-63248944.832	-62104704.213
run11	6092	1946	324362	7.94722e-04	3.41744e-05	3.14521e-05	1.31560e-04	3.47394e-06	1.57597e-05	0.8574919	161832	426463	602152	-63163333.782	-62104704.213
run12	1702	6032	343042	5.64656e-04	1.72095e-04	1.03454e-04	2.19418e-05	1.72878e-05	1.45088e-06	0.5510540	69867	109069	554772	-63173282.940	-62104704.213
run13	1182	1282	352589	0.0014566	1.89035e-04	1.40962e-04	1.78701e-04	2.78710e-05	2.45602e-05	0.8203883	71090	255966	524013	-63164195.170	-62104704.213
run14	4013	8624	338603	3.14622e-04	5.24137e-05	4.57687e-05	2.01245e-05	6.90249e-06	2.53316e-06	0.1533024	129173	369158	526606	-63172984.772	-62104704.213
run15	5330	8592	340547	2.76327e-04	4.92370e-05	3.70790e-05	2.06094e-05	4.12414e-06	1.99277e-06	0.6662149	172016	396584	613033	-63178918.982	-62104704.213
run16	1381	1368	351941	0.0013153	1.97777e-04	1.16335e-04	1.73592e-04	2.16800e-05	1.91015e-05	0.2474769	91711	145736	579075	-63160930.149	-62104704.213
run17	2236	3056	346553	7.14746e-04	1.26890e-04	7.31381e-05	7.01176e-05	1.36427e-05	1.18713e-05	0.2485632	88936	218551	482204	-63162205.383	-62104704.213
run18	4337	15109	340913	2.28222e-04	6.19839e-05	4.20064e-05	9.15650e-06	5.39367e-06	2.26149e-07	0.4823155	157640	242180	625466	-63186305.151	-62104704.213
run19	5807	1807	326107	8.23617e-04	4.74861e-05	3.09572e-05	1.35302e-04	3.94280e-06	1.79836e-05	0.2262491	129392	264881	612751	-63164052.959	-62104704.213
run20	2008	1362	349940	0.0012306	1.34532e-04	8.14638e-05	1.79081e-04	1.54952e-05	2.04828e-05	0.6850078	56329	180738	535373	-63162621.696	-62104704.213
run21	1705	2141	353456	9.73886e-04	1.73795e-04	9.34930e-05	1.01959e-04	1.83139e-05	1.24238e-05	0.5940270	99263	200675	573675	-63162709.533	-62104704.213
run22	1190	9899	328717	7.01137e-06	7.67328e-04	4.87278e-05	3.14188e-05	2.26805e-05	2.26613e-06	0.6017172	150479	171827	647566	-63255671.982	-62104704.213
run23	4962	1593	343321	8.61796e-04	5.91180e-05	3.32469e-05	1.57933e-04	5.58980e-06	2.04182e-05	0.5214660	138152	219026	541298	-63162355.742	-62104704.213
run24	2090	2011	344604	9.04273e-04	1.05274e-04	8.27723e-05	1.07993e-04	1.54978e-05	1.39965e-05	0.4272748	106995	152440	555828	-63163031.074	-62104704.213
run25	1856	5365	341759	5.47563e-04	1.63197e-04	9.20298e-05	2.92205e-05	1.52792e-05	2.51767e-06	0.3388546	99667	399548	598395	-63169441.007	-62104704.213
run26	5873	7168	330028	2.83771e-04	2.66156e-05	3.39338e-05	3.38903e-05	3.84542e-06	2.42600e-06	0.2864445	176725	334873	598461	-63173837.927	-62104704.213
run27	5441	1671	343381	8.24848e-04	5.62325e-05	3.13601e-05	1.51411e-04	3.83689e-06	1.95426e-05	0.5190349	119636	189916	583166	-63164994.577	-62104704.213
run28	1013	12894	330753	2.38963e-07	9.27854e-04	5.74921e-05	2.65200e-05	2.41423e-05	1.65250e-06	0.5926271	200465	434117	683959	-63249526.482	-62104704.213
run29	2103	4296	349958	5.40935e-04	1.20385e-04	7.61729e-05	4.76262e-05	1.41736e-05	5.64483e-06	0.3624212	78919	201956	524408	-63166656.114	-62104704.213
run30	1087	1507	360507	0.0014220	2.67158e-04	1.52013e-04	1.28601e-04	3.19034e-05	2.31885e-05	0.5002377	71842	269736	469457	-63162676.536	-62104704.213
run31	1118	10241	337343	1.24503e-07	7.86514e-04	7.54714e-05	3.28947e-05	2.47925e-05	2.61636e-06	0.6822695	126128	183867	602561	-63258405.726	-62104704.213
run32	5806	13954	332944	2.18099e-04	3.06101e-05	3.36786e-05	1.16440e-05	4.00955e-06	8.84128e-07	0.4037981	204125	311653	608284	-63185753.891	-62104704.213
run33	1524	1125	362970	0.0015329	1.64188e-04	1.07447e-04	2.06142e-04	2.56295e-05	3.06934e-05	0.3844994	68012	130650	431081	-63162718.772	-62104704.213
run34	1057	8830	334819	2.49687e-07	8.43052e-04	5.94794e-05	3.80672e-05	2.87746e-05	2.90290e-06	0.2239883	181978	254171	632051	-63254204.332	-62104704.213
run35	1441	2307	345030	8.90762e-04	1.85216e-04	1.11078e-04	9.99104e-05	2.16254e-05	1.14778e-05	0.6099483	62837	114416	529467	-63166202.396	-62104704.213
run36	1224	4561	344713	7.28093e-04	2.01849e-04	1.41576e-04	3.02514e-05	2.35267e-05	4.14247e-06	0.5766764	63678	72705	540250	-63168637.173	-62104704.213
run37	1591	1575	341420	0.0011392	1.63201e-04	1.04722e-04	1.54918e-04	1.97189e-05	1.57818e-05	0.7244789	76230	194136	583699	-63163410.686	-62104704.213
run38	1283	4164	344557	7.38056e-04	2.01403e-04	1.29469e-04	4.14014e-05	2.23118e-05	2.30171e-06	0.7651358	49999	193625	636607	-63174538.972	-62104704.213
run39	1111	1640	343049	0.0013035	2.37198e-04	1.57846e-04	1.17356e-04	2.71700e-05	1.83022e-05	0.3361877	69023	128477	597394	-63165340.428	-62104704.213
run40	1034	6534	340226	1.39643e-07	9.73865e-04	5.67696e-05	5.07568e-05	2.89360e-05	4.46471e-06	0.6835864	79035	194811	647411	-63263490.781	-62104704.213
run41	1037	1607	354544	0.0013078	2.62584e-04	1.67520e-04	1.21352e-04	3.66770e-05	1.90034e-05	0.4638915	37330	364017	473515	-63166339.455	-62104704.213
run42	1091	12456	339004	1.39534e-07	8.47381e-04	4.82901e-05	2.84617e-05	3.11246e-05	1.84026e-06	0.7741873	165995	392714	562060	-63253573.037	-62104704.213
run43	6126	4366	340295	3.65013e-04	4.09596e-05	3.14460e-05	5.42269e-05	3.65479e-06	5.77422e-06	0.3731282	220562	448130	617371	-63168903.707	-62104704.213
run44	1073	3109	349808	9.67401e-04	2.65921e-04	1.53983e-04	5.14207e-05	3.18361e-05	5.70760e-06	0.1761652	41100	498208	536853	-63170876.089	-62104704.213
run45	6333	1298	336834	0.0010544	5.20204e-05	2.60844e-05	1.84539e-04	3.30943e-06	2.99402e-05	0.2616238	160940	277857	542896	-63164218.254	-62104704.213
run46	1167	2229	355851	0.0010401	2.34364e-04	1.31805e-04	9.34358e-05	3.13403e-05	1.29850e-05	0.5615589	58857	178823	480308	-63165005.768	-62104704.213
run47	1613	6953	351221	5.23004e-04	1.66886e-04	1.02378e-04	1.80173e-05	1.78698e-05	2.23849e-06	0.7222684	81539	118136	540724	-63175704.498	-62104704.213
run48	1629	3198	338857	7.13999e-04	1.78685e-04	9.95044e-05	6.67271e-05	1.64598e-05	6.47121e-06	0.2079924	73514	103814	578260	-63167259.842	-62104704.213
run49	2125	5516	343918	4.97384e-04	1.33347e-04	8.39247e-05	2.80440e-05	1.20475e-05	5.04959e-06	0.3085504	86325	468075	556876	-63171052.251	-62104704.213
run50	1419	4740	344303	6.97496e-04	2.00695e-04	1.23048e-04	2.58353e-05	2.19605e-05	4.17715e-06	0.2355400	56529	224548	523977	-63167479.621	-62104704.213
run51	1021	1332	345666	0.0014237	2.42728e-04	1.65318e-04	1.58776e-04	3.23551e-05	2.43579e-05	0.5699803	40699	234842	511623	-63164789.696	-62104704.213
run52	7731	1899	331780	7.83336e-04	4.18357e-05	2.20406e-05	1.45251e-04	2.13217e-06	1.31006e-05	0.3666299	173679	301918	657537	-63168685.791	-62104704.213
run53	2703	1466	349391	0.0010141	9.72943e-05	5.93974e-05	1.52118e-04	1.02723e-05	2.23581e-05	0.5085450	100706	285763	529651	-63161241.399	-62104704.213
run54	2482	1847	339024	9.01780e-04	1.03689e-04	6.66371e-05	1.32343e-04	1.11561e-05	1.64167e-05	0.3768614	92376	155701	591099	-63162452.041	-62104704.213
run55	2410	5880	339232	4.58185e-04	1.16461e-04	7.29459e-05	2.62893e-05	1.14094e-05	3.54225e-06	0.3797715	95530	163937	544769	-63168503.259	-62104704.213
run56	3586	7373	338681	3.63186e-04	7.30990e-05	4.94857e-05	2.93361e-05	7.11211e-06	2.14377e-06	0.6525167	116621	257843	535679	-63168054.620	-62104704.213
run57	1020	8204	339698	2.15353e-08	9.24963e-04	5.71898e-05	4.03926e-05	3.16050e-05	3.67267e-06	0.6496955	101413	190493	550989	-63254857.015	-62104704.213
run58	6752	3552	338785	4.64100e-04	4.14191e-05	2.69345e-05	6.67606e-05	3.02285e-06	8.72078e-06	0.1952003	165999	411867	602099	-63167165.952	-62104704.213
run59	1509	1600	347434	0.0012527	1.63408e-04	1.12792e-04	1.36747e-04	2.09601e-05	1.87237e-05	0.4519101	65925	124923	552776	-63161962.461	-62104704.213
run60	1138	4571	346154	8.14413e-04	2.64914e-04	1.54090e-04	2.57793e-05	2.48210e-05	3.39990e-06	0.6499812	51948	179335	574512	-63171909.137	-62104704.213
run61	5447	3288	329851	4.95445e-04	4.55423e-05	3.10594e-05	8.06282e-05	4.33148e-06	7.77786e-06	0.4569939	162886	220417	582052	-63161156.115	-62104704.213
run62	9873	1131	432186	7.66828e-04	2.62562e-04	4.80204e-07	2.58738e-04	2.25833e-05	1.34885e-04	0.0150171	2198	108226	111329	-62938253.921	-62104704.213
run63	1086	1616	351154	0.0012601	2.26356e-04	1.62720e-04	1.21524e-04	2.44382e-05	1.99077e-05	0.4715804	48743	102739	611865	-63168673.174	-62104704.213
run64	1577	3595	342372	6.74735e-04	1.79944e-04	1.11018e-04	4.63905e-05	1.90815e-05	5.89707e-06	0.3380503	79149	467961	556603	-63169324.379	-62104704.213
run65	1783	3079	340322	7.50754e-04	1.15356e-04	1.00962e-04	5.88850e-05	1.55259e-05	9.84988e-06	0.2422735	50774	213626	558555	-63167439.290	-62104704.213
run66	1033	13244	340680	3.29311e-07	8.22475e-04	5.87671e-05	2.63361e-05	2.78740e-05	1.56569e-06	0.7424911	202347	287656	625950	-63249039.812	-62104704.213
run67	4244	8022	332075	3.08332e-04	7.29759e-05	4.06976e-05	2.40049e-05	4.83845e-06	2.05044e-06	0.4494266	141259	237810	666184	-63175345.645	-62104704.213
run68	1425	2133	356074	0.0010296	1.60170e-04	1.24188e-04	9.41735e-05	2.35944e-05	1.46286e-05	0.4506991	75392	214924	499757	-63164494.981	-62104704.213
run69	1061	10391	342184	1.07410e-06	8.38573e-04	6.38434e-05	3.34693e-05	2.79503e-05	2.77865e-06	0.2219846	122766	375476	625588	-63256570.943	-62104704.213
run70	7351	1644	333962	8.69751e-04	4.92421e-05	2.31388e-05	1.58131e-04	2.73451e-06	1.90213e-05	0.8046640	203529	277524	583793	-63166713.602	-62104704.213
run71	1497	4872	351794	6.35398e-04	2.06578e-04	1.08833e-04	3.44169e-05	2.01617e-05	1.93948e-06	0.4438378	87114	113131	546781	-63172085.215	-62104704.213
run72	2217	2645	346323	7.28032e-04	1.12922e-04	7.52902e-05	8.51681e-05	1.30292e-05	8.67113e-06	0.4006251	68038	99858	597228	-63165838.896	-62104704.213
run73	5423	1390	348920	0.0011251	4.96193e-05	3.27906e-05	1.87900e-04	4.50909e-06	2.24816e-05	0.7327375	103006	143244	550829	-63165997.383	-62104704.213
run74	1824	2141	344521	8.79071e-04	1.23663e-04	9.50252e-05	1.02117e-04	1.62551e-05	1.35495e-05	0.5083266	64707	109996	571068	-63163092.014	-62104704.213
run75	6850	6628	332566	2.62534e-04	3.59506e-05	2.72589e-05	3.32422e-05	2.71377e-06	3.87078e-06	0.3329046	177834	506854	624319	-63174548.889	-62104704.213
run76	1613	5918	343561	5.61567e-04	1.51049e-04	1.10307e-04	2.09136e-05	1.84863e-05	2.76646e-06	0.2023134	64371	143156	565243	-63174602.144	-62104704.213
run77	1552	1364	352502	0.0012726	1.81077e-04	1.02519e-04	1.73055e-04	2.12177e-05	2.27683e-05	0.6418685	65120	96813	510733	-63161491.326	-62104704.213
run78	1865	3956	345174	6.27816e-04	1.50140e-04	8.69746e-05	4.74584e-05	1.74672e-05	4.32784e-06	0.6325064	88283	170045	493292	-63164991.697	-62104704.213
run79	1312	6803	334723	6.17376e-04	2.29359e-04	1.23877e-04	1.51223e-05	2.00245e-05	8.47944e-07	0.8055605	52500	101664	583870	-63176712.157	-62104704.213
run80	1751	7214	340333	5.85429e-04	1.43308e-04	1.07305e-04	1.43651e-05	1.61951e-05	2.67189e-06	0.3197801	79011	83469	589614	-63176509.836	-62104704.213
run81	1036	1647	340439	0.0013981	2.55688e-04	1.63709e-04	1.11739e-04	3.23231e-05	1.83693e-05	0.6622184	64088	118736	538625	-63165938.800	-62104704.213
run82	2278	9884	338562	4.17127e-04	9.21234e-05	8.18031e-05	8.14137e-06	1.17706e-05	1.09005e-06	0.4699948	74181	264011	614063	-63181585.129	-62104704.213
run83	2285	1318	347898	0.0011534	8.86154e-05	8.01854e-05	1.70902e-04	1.38352e-05	2.51976e-05	0.7211681	87326	392489	554564	-63163820.649	-62104704.213
run84	6237	2186	333124	6.90447e-04	4.48700e-05	2.87327e-05	1.11427e-04	3.59405e-06	1.54338e-05	0.7893235	131307	201784	556977	-63163674.935	-62104704.213
run85	1033	11062	337266	1.64135e-06	8.34297e-04	7.12292e-05	3.11556e-05	2.58079e-05	2.09718e-06	0.2812946	156940	287715	667446	-63249524.519	-62104704.213
run86	3762	1551	342459	9.25844e-04	8.18563e-05	4.42324e-05	1.64271e-04	5.71954e-06	1.95409e-05	0.6788424	132558	268887	621274	-63161923.392	-62104704.213
run87	2631	2213	345565	8.14353e-04	1.17378e-04	6.56213e-05	1.14117e-04	1.09927e-05	1.03023e-05	0.6361150	89666	155974	595016	-63163996.385	-62104704.213
run88	4419	9042	334718	3.04549e-04	5.35446e-05	4.02394e-05	2.16866e-05	5.08413e-06	2.81667e-06	0.4966479	120165	429842	585909	-63176676.109	-62104704.213
run89	1117	2749	347027	0.0010262	2.34885e-04	1.46151e-04	6.27915e-05	2.99306e-05	9.70101e-06	0.8731750	50934	152598	498945	-63166467.286	-62104704.213
run90	2837	1431	351619	0.0011008	8.25824e-05	6.23760e-05	1.56466e-04	9.97661e-06	2.73825e-05	0.7907863	76345	388548	519302	-63162677.874	-62104704.213
run91	5195	1107	336260	0.0014064	6.41973e-05	3.26158e-05	2.18673e-04	4.65979e-06	3.15068e-05	0.4636180	115456	230555	566294	-63164899.966	-62104704.213
run92	1113	1850	348434	0.0012006	2.66648e-04	1.53286e-04	9.84442e-05	2.51989e-05	1.44457e-05	0.3341081	39940	70457	585912	-63163394.267	-62104704.213
run93	1135	8425	336556	3.46119e-07	8.75405e-04	4.41841e-05	3.74586e-05	2.35978e-05	3.21763e-06	0.5088239	112987	228918	638584	-63256486.374	-62104704.213
run94	2429	1030	342644	0.0015441	7.74917e-05	7.51303e-05	2.29531e-04	1.04735e-05	2.86433e-05	0.2778963	81701	140743	638677	-63165639.460	-62104704.213
run95	2677	5356	340270	4.36441e-04	1.03807e-04	6.71066e-05	3.03648e-05	9.05955e-06	5.58333e-06	0.8506027	85850	173164	601908	-63170369.649	-62104704.213
run96	14750	1344	472285	6.55749e-04	1.63046e-04	4.76731e-07	2.37794e-04	1.36601e-05	9.03324e-05	0.0291165	3165	103807	116048	-62952507.639	-62104704.213
run97	5797	8383	331199	2.61726e-04	3.26803e-05	3.26184e-05	2.39454e-05	3.43914e-06	2.35217e-06	0.4209554	145152	277939	589729	-63174541.588	-62104704.213
run98	1052	12293	326968	2.05831e-07	9.03888e-04	5.25157e-05	2.78783e-05	2.48124e-05	1.57280e-06	0.3754556	205036	476979	702503	-63249614.816	-62104704.213
run99	1467	5912	346868	6.24397e-04	1.65564e-04	1.20807e-04	2.38261e-05	1.92216e-05	9.94288e-07	0.2712509	71370	216409	545786	-63174790.119	-62104704.213
run100	5622	5288	342226	3.37959e-04	3.58946e-05	3.39403e-05	4.28614e-05	3.83542e-06	4.86499e-06	0.5164664	144841	274224	581423	-63165019.681	-62104704.213
