Run	N_CMC	N_CME	N_CMS	SURF	HYBR	DIV03	DIV32	MaxEstLhood	MaxObsLhood
run1	46360	27363	468822	0.1489151	4875	38187	59317	-64170196.493	-62104704.213
run2	41623	23964	463898	0.1450898	4439	33490	63995	-64169545.108	-62104704.213
run3	53612	23673	475052	0.1701678	4811	41927	60525	-64181438.363	-62104704.213
run4	50093	22887	463354	0.1689400	4460	41816	57179	-64168900.644	-62104704.213
run5	54186	18705	451902	0.1738264	3439	47612	59495	-64174250.074	-62104704.213
run6	47057	21916	434385	0.1537197	3892	39010	60023	-64171042.719	-62104704.213
run7	44806	22114	488072	0.1557696	4266	35341	59244	-64169631.548	-62104704.213
run8	47008	21034	471893	0.1708704	4263	39061	60447	-64167860.566	-62104704.213
run9	44892	20109	409375	0.1674797	3916	36405	64653	-64165893.343	-62104704.213
run10	50154	23890	449635	0.1491648	4416	42251	59333	-64170174.203	-62104704.213
run11	47715	24699	437366	0.1631567	4492	40675	58144	-64172787.813	-62104704.213
run12	46523	21379	432171	0.1668607	4342	37278	64074	-64165219.262	-62104704.213
run13	52498	20381	472991	0.1710811	3996	44380	61728	-64170355.286	-62104704.213
run14	48034	22283	475916	0.1607382	4232	40465	63585	-64173103.547	-62104704.213
run15	50415	25420	429275	0.1567636	4767	41099	59333	-64170490.061	-62104704.213
run16	44067	22310	451237	0.1551337	4086	36411	57131	-64169668.126	-62104704.213
run17	50728	24275	498485	0.1694528	4417	42366	61034	-64172805.197	-62104704.213
run18	46440	21588	479050	0.1690324	4262	36353	61968	-64166812.740	-62104704.213
run19	49917	22149	487143	0.1561847	4196	41933	61912	-64172041.985	-62104704.213
run20	51556	27997	467988	0.1528485	5422	43616	62239	-64177941.507	-62104704.213
run21	45081	24738	479089	0.1553332	4675	36230	61824	-64172431.225	-62104704.213
run22	50253	26604	463898	0.1614370	5068	42300	64513	-64179236.121	-62104704.213
run23	43571	25797	471223	0.1507527	4427	34468	66960	-64167025.106	-62104704.213
run24	44005	25744	466353	0.1443087	4784	35546	63631	-64168946.194	-62104704.213
run25	47315	24283	467626	0.1662261	4350	37575	59468	-64168172.343	-62104704.213
run26	45739	21961	483972	0.1568685	4254	38912	63988	-64170576.144	-62104704.213
run27	41037	19881	456536	0.1674342	3775	33832	59645	-64166311.793	-62104704.213
run28	49383	26749	413926	0.1474626	4768	41336	59106	-64168804.930	-62104704.213
run29	45987	23988	480865	0.1445696	4157	38241	61373	-64170549.976	-62104704.213
run30	53811	28835	465880	0.1630581	5422	43819	58695	-64179950.606	-62104704.213
run31	50173	32485	479473	0.1453804	5786	40879	60984	-64181637.493	-62104704.213
run32	44509	20490	455715	0.1478015	3864	35217	62701	-64169257.209	-62104704.213
run33	46688	24935	514097	0.1458316	4205	38803	63851	-64171631.967	-62104704.213
run34	48417	32298	362296	0.1143745	5242	40012	54963	-64189375.827	-62104704.213
run35	55103	23332	417895	0.1588923	4293	46234	54861	-64170412.321	-62104704.213
run36	46978	20742	458707	0.1745228	4112	40072	59634	-64170163.716	-62104704.213
run37	45208	21167	454557	0.1569015	3815	38430	59924	-64168043.565	-62104704.213
run38	44346	22149	446770	0.1611447	3884	37600	59890	-64166629.950	-62104704.213
run39	46621	22102	435444	0.1482223	3618	39023	60428	-64167306.133	-62104704.213
run40	46279	21342	469644	0.1716908	3889	37686	58877	-64167874.931	-62104704.213
run41	44989	20568	483914	0.1730628	3951	36474	61216	-64164338.587	-62104704.213
run42	49203	21049	441273	0.1622069	3904	39242	59738	-64165942.150	-62104704.213
run43	47160	20776	476820	0.1530848	3878	37909	61201	-64168068.405	-62104704.213
run44	46735	19972	466153	0.1769192	3958	38128	60919	-64168820.323	-62104704.213
run45	45718	27534	492973	0.1435146	4778	37384	62781	-64176320.367	-62104704.213
run46	45080	21676	482844	0.1471099	3831	37079	59439	-64168924.255	-62104704.213
run47	49926	24222	487007	0.1470928	4358	41580	65060	-64169977.420	-62104704.213
run48	45926	21995	459981	0.1550592	3896	38255	56801	-64166863.011	-62104704.213
run49	43211	16251	488104	0.1677772	3232	33515	62995	-64166832.243	-62104704.213
run50	43653	22355	464351	0.1755966	4400	36131	59070	-64167641.278	-62104704.213
run51	47788	26959	459365	0.1648051	4995	39447	62344	-64174012.730	-62104704.213
run52	51497	23255	447644	0.1597508	4116	42055	56703	-64168699.809	-62104704.213
run53	49372	26632	468776	0.1600814	5026	40963	59489	-64167042.473	-62104704.213
run54	41283	19304	430949	0.1710952	3538	34695	62133	-64165054.804	-62104704.213
run55	49844	24384	452546	0.1505929	4415	40666	60804	-64171403.385	-62104704.213
run56	44733	26888	472293	0.1490815	4710	35723	60587	-64173575.961	-62104704.213
run57	49953	22468	478019	0.1834036	4187	41623	59166	-64173550.274	-62104704.213
run58	46174	23060	452361	0.1616237	4266	38736	60206	-64169114.177	-62104704.213
run59	44915	22111	478534	0.1662029	4168	36762	60518	-64167155.794	-62104704.213
run60	54502	22686	445863	0.1616686	3978	46037	58886	-64171701.029	-62104704.213
run61	45346	31358	423292	0.1277322	5436	35959	57176	-64175679.282	-62104704.213
run62	45933	19148	453913	0.1639833	3553	37619	60594	-64166566.896	-62104704.213
run63	47107	20333	436167	0.1725150	3953	39975	60779	-64165762.754	-62104704.213
run64	49351	21717	476142	0.1515520	4198	41310	58298	-64170718.458	-62104704.213
run65	53966	21705	466090	0.1626396	3999	42592	62103	-64172453.613	-62104704.213
run66	47475	21157	452296	0.1647941	3784	38460	60537	-64171274.677	-62104704.213
run67	47461	20973	460949	0.1559000	3847	40731	62542	-64163203.245	-62104704.213
run68	47002	19633	497214	0.1691642	3872	38852	58856	-64172931.440	-62104704.213
run69	43744	26260	493780	0.1414190	4572	37660	66285	-64171196.539	-62104704.213
run70	48177	21172	485162	0.1537778	4196	39393	67994	-64169586.304	-62104704.213
run71	54037	23231	434621	0.1667855	4465	46250	61214	-64175770.097	-62104704.213
run72	46349	25044	461833	0.1419174	4556	37395	58224	-64170746.846	-62104704.213
run73	50070	23881	450580	0.1465680	4552	40896	63145	-64172609.555	-62104704.213
run74	49464	18177	423248	0.1935649	3633	40614	55621	-64163584.336	-62104704.213
run75	53090	26495	490403	0.1484884	4791	44503	60269	-64180096.427	-62104704.213
run76	51299	25859	465428	0.1488075	4688	42675	63297	-64171098.644	-62104704.213
run77	42435	21049	442635	0.1518350	3799	35204	59566	-64160376.942	-62104704.213
run78	48205	7674	442837	0.1955022	1426	42722	57349	-64168255.905	-62104704.213
run79	49444	23355	458982	0.1515591	4171	39961	64630	-64170222.279	-62104704.213
run80	43774	23937	466680	0.1515975	4257	35517	55093	-64168124.526	-62104704.213
run81	47387	23438	479099	0.1585325	4071	39707	63732	-64169448.401	-62104704.213
run82	47743	24701	475234	0.1574129	4756	38103	60715	-64168395.836	-62104704.213
run83	54946	19671	455965	0.1665637	3760	44863	59618	-64171359.835	-62104704.213
run84	50543	4291	456024	0.2085156	819	43463	61396	-64170946.906	-62104704.213
run85	60795	17408	478427	0.1869922	3503	49712	60480	-64178314.596	-62104704.213
run86	43623	20630	444924	0.1452255	3919	35685	60364	-64168252.535	-62104704.213
run87	46864	18439	429129	0.1769123	3575	39995	56970	-64167181.611	-62104704.213
run88	47312	20125	450362	0.1572941	3628	40630	61175	-64167416.815	-62104704.213
run89	51646	19974	462834	0.1858880	3897	42640	60634	-64171492.272	-62104704.213
run90	56024	23166	437494	0.1685114	4581	46649	60480	-64177136.565	-62104704.213
run91	50788	20469	418931	0.1572998	3953	43240	59469	-64170865.483	-62104704.213
run92	52740	21049	432137	0.1620333	3867	44599	59598	-64170185.024	-62104704.213
run93	46362	22767	467779	0.1594452	4332	35902	61956	-64167826.775	-62104704.213
run94	48132	22241	447959	0.1679001	4247	38955	62619	-64167559.567	-62104704.213
run95	46280	16949	436569	0.1682392	3110	39201	63071	-64164628.977	-62104704.213
run96	46503	24164	441274	0.1593457	4787	35294	60429	-64171291.884	-62104704.213
run97	47032	26140	445150	0.1471905	4535	38456	60914	-64167724.798	-62104704.213
run98	49638	21415	453791	0.1572550	4025	39447	62270	-64169425.290	-62104704.213
run99	49907	26119	465896	0.1430562	4638	42656	60145	-64173991.901	-62104704.213
run100	47884	23871	435647	0.1654288	4442	40116	58902	-64171423.624	-62104704.213
