Run	N_CMC	N_CME	N_CMS	MIG_C2E	MIG_E2C	MIG_S2C	MIG_S2E	MIG_G2C	MIG_G2E	DIV13	DIV02	DIV32	MaxEstLhood	MaxObsLhood
run1	2264	6862	495138	4.65034e-04	1.20966e-04	8.94199e-05	2.97902e-05	4.49803e-06	6.27312e-07	101811	240284	653137	-63011734.683	-62104704.213
run2	3678	5832	481969	3.92361e-04	8.40659e-05	5.65057e-05	3.51193e-05	2.19158e-06	1.20720e-06	108467	278736	820319	-62999989.753	-62104704.213
run3	15496	1020	512419	0.0012093	1.03621e-07	3.62531e-05	4.06785e-04	5.91585e-07	3.34175e-06	3934	125580	988485	-62668970.317	-62104704.213
run4	6410	6474	488401	3.07106e-04	3.94371e-05	3.13122e-05	3.55782e-05	1.39315e-06	1.94874e-06	98186	260053	660935	-62991104.472	-62104704.213
run5	17698	1079	511945	0.0010734	3.81877e-07	3.09563e-05	3.55736e-04	5.47177e-07	4.33632e-06	4498	131873	939062	-62672061.525	-62104704.213
run6	20677	1063	512090	0.0011467	5.31989e-08	2.66982e-05	3.63878e-04	6.13988e-07	6.08328e-06	5130	126704	862109	-62678575.024	-62104704.213
run7	15931	1023	532066	0.0011593	1.37766e-07	3.60687e-05	3.79063e-04	6.20930e-07	3.73900e-06	4089	127872	941259	-62671562.102	-62104704.213
run8	1806	7861	493395	4.36264e-04	2.11617e-04	1.02163e-04	2.04606e-05	4.08548e-06	4.22883e-07	96463	227429	787467	-63013850.243	-62104704.213
run9	2654	1829	513296	0.0011761	2.03443e-07	9.07660e-05	1.84436e-04	3.63464e-06	3.10564e-06	4731	146615	820281	-62978894.999	-62104704.213
run10	16365	1013	510909	0.0011541	4.81041e-07	3.71300e-05	3.97035e-04	5.35977e-07	2.71369e-06	3724	130619	913008	-62670934.437	-62104704.213
run11	16204	1019	503251	0.0012042	1.94980e-07	3.48602e-05	3.84408e-04	6.64506e-07	4.80161e-06	3956	129318	949332	-62670611.549	-62104704.213
run12	16913	1044	530385	0.0011711	2.70353e-07	3.38513e-05	3.55195e-04	5.93778e-07	3.42745e-06	4217	130130	926437	-62670136.180	-62104704.213
run13	2718	7804	502778	3.39556e-04	1.24894e-04	6.42428e-05	2.67688e-05	4.09693e-06	1.13663e-06	146907	217010	790562	-63006706.348	-62104704.213
run14	2726	1697	345071	9.39773e-04	8.27331e-05	6.54907e-05	1.29394e-04	1.09795e-05	2.07812e-05	95663	511851	524623	-63163189.026	-62104704.213
run15	14338	1064	527924	0.0011880	5.89924e-08	3.97738e-05	3.71979e-04	5.60590e-07	2.20274e-06	3632	122582	987003	-62670855.313	-62104704.213
run16	17556	1047	534960	0.0011735	2.91982e-07	3.22371e-05	3.76479e-04	5.00986e-07	4.13288e-06	4427	125454	977392	-62670526.762	-62104704.213
run17	1390	1916	349190	0.0010751	1.80532e-04	1.26692e-04	1.05957e-04	2.36766e-05	1.39945e-05	45190	513447	525651	-63163595.448	-62104704.213
run18	17879	1032	516578	0.0011609	5.31243e-08	3.21100e-05	3.85441e-04	4.86353e-07	3.56548e-06	4294	124683	989046	-62667428.058	-62104704.213
run19	5302	3131	502880	6.39366e-04	1.70636e-06	4.74586e-05	8.82412e-05	1.14504e-06	1.77346e-06	23050	199619	938000	-62989567.032	-62104704.213
run20	1227	1166	499117	0.0020341	1.08769e-06	2.10556e-04	1.95221e-04	6.18976e-06	5.39380e-06	4070	195058	826035	-63002266.696	-62104704.213
run21	12397	1018	510579	0.0012582	8.22773e-08	4.64944e-05	3.92572e-04	7.24263e-07	3.83369e-06	3374	131174	901778	-62675863.077	-62104704.213
run22	1210	7011	492972	5.99549e-04	2.32449e-04	1.54998e-04	1.29399e-05	1.23811e-05	4.98624e-08	41435	252478	483946	-63025470.321	-62104704.213
run23	5915	1872	491568	8.00050e-04	3.53864e-05	3.44373e-05	1.59707e-04	1.36591e-06	4.95948e-06	62485	235975	842232	-62986875.192	-62104704.213
run24	1839	1629	347914	0.0010180	1.16809e-04	9.32783e-05	1.30052e-04	1.81791e-05	2.31770e-05	66433	445545	450955	-63160317.489	-62104704.213
run25	6423	7631	458326	2.96541e-04	2.71371e-05	3.40964e-05	3.02175e-05	8.87461e-07	7.24881e-07	113029	268847	974475	-62988641.836	-62104704.213
run26	11320	1068	535677	0.0012382	4.48189e-07	4.86623e-05	3.76252e-04	1.14779e-06	1.19639e-07	3057	128031	806964	-62685881.426	-62104704.213
run27	1826	1874	487626	0.0011009	1.20484e-04	1.06060e-04	1.17073e-04	8.49287e-06	9.20035e-06	21248	244683	554368	-63013487.201	-62104704.213
run28	16750	1365	376330	0.0010745	1.13598e-04	6.29973e-06	1.82951e-04	8.88200e-06	6.90588e-05	1614	52555	100659	-62944486.818	-62104704.213
run29	1152	13289	460654	5.13566e-07	8.15323e-04	7.68548e-05	2.78636e-05	7.23814e-06	4.24870e-07	216573	230978	807722	-63060289.027	-62104704.213
run30	1062	10647	464918	1.39532e-05	9.35409e-04	6.79501e-05	3.06571e-05	1.14195e-05	7.38969e-07	209719	242343	644896	-63071885.004	-62104704.213
run31	2180	6605	500471	4.34673e-04	1.26674e-04	9.14635e-05	2.58633e-05	4.23258e-06	4.20714e-07	80994	255070	906209	-63013447.614	-62104704.213
run32	2719	1754	349926	9.19110e-04	8.49097e-05	6.40434e-05	1.38919e-04	1.12290e-05	1.94308e-05	79172	478922	490180	-63163999.754	-62104704.213
run33	4715	9380	479742	2.73055e-04	6.10369e-05	4.30211e-05	2.02397e-05	2.10980e-06	7.33085e-07	110413	265705	575206	-62993951.202	-62104704.213
run34	5932	3091	471881	5.16884e-04	3.31527e-05	3.36757e-05	9.82699e-05	1.67827e-06	3.47297e-06	75405	249377	783865	-62993776.414	-62104704.213
run35	2234	7267	525495	4.05839e-04	1.32978e-04	8.53565e-05	2.40593e-05	4.49624e-06	5.85864e-07	131238	200273	896035	-63010520.350	-62104704.213
run36	12058	1011	507434	0.0012810	7.10962e-06	4.71804e-05	3.86467e-04	1.19882e-06	4.82988e-06	2856	128381	941219	-62699293.593	-62104704.213
run37	20329	1025	505126	0.0011763	2.29391e-07	2.68802e-05	3.55333e-04	4.91021e-07	5.91665e-06	5229	126803	972444	-62674645.260	-62104704.213
run38	18927	1020	500321	0.0012479	1.73876e-07	3.03539e-05	3.58726e-04	5.42927e-07	4.58319e-06	4608	129385	987823	-62670340.460	-62104704.213
run39	17747	1024	514379	0.0012174	2.96108e-07	3.22351e-05	3.77478e-04	4.62818e-07	4.09234e-06	4413	127925	959824	-62669137.659	-62104704.213
run40	14203	1014	501353	0.0011912	1.36272e-07	4.09178e-05	3.74201e-04	7.21277e-07	2.82177e-06	3653	126685	937452	-62671194.895	-62104704.213
run41	8622	6633	465592	3.01762e-04	2.34886e-05	2.61292e-05	3.61462e-05	8.52099e-07	1.12064e-06	97761	247211	718428	-62988711.677	-62104704.213
run42	5503	4853	453374	3.80088e-04	5.24709e-05	3.59320e-05	5.25940e-05	1.50256e-06	1.70970e-06	123754	281105	799064	-62986506.851	-62104704.213
run43	9658	2468	490108	6.83286e-04	7.97318e-06	2.24802e-05	1.20125e-04	6.37611e-07	3.08435e-06	64124	205684	838163	-62976632.545	-62104704.213
run44	1900	2858	475583	8.23004e-04	1.55419e-04	9.86938e-05	8.29681e-05	4.40268e-06	2.28806e-06	69416	274980	785797	-63018040.012	-62104704.213
run45	1171	1395	478765	0.0015935	1.84222e-04	1.83784e-04	1.56440e-04	1.08964e-05	9.10114e-06	13934	287289	519984	-63016659.579	-62104704.213
run46	20069	1018	503432	0.0011833	2.08877e-07	2.63867e-05	3.67692e-04	4.40354e-07	4.93395e-06	5241	130684	893358	-62673807.473	-62104704.213
run47	3916	6915	477661	3.48641e-04	6.30118e-05	5.36205e-05	2.89238e-05	1.97770e-06	9.79605e-07	65761	214201	787213	-63002105.581	-62104704.213
run48	9791	8841	477221	2.00005e-04	2.57356e-05	2.21092e-05	2.46191e-05	5.31899e-07	6.13236e-07	221306	228758	921513	-62975528.969	-62104704.213
run49	1163	9203	463500	9.93176e-06	7.80273e-04	5.15946e-05	3.63844e-05	1.37454e-05	1.10067e-06	136865	290199	825494	-63091574.845	-62104704.213
run50	17334	1042	512962	0.0011544	6.81679e-08	3.42887e-05	3.70094e-04	5.77343e-07	4.70891e-06	4039	123599	966381	-62670990.489	-62104704.213
run51	1025	8235	435525	1.05591e-06	9.19608e-04	6.28437e-05	4.14011e-05	1.50008e-05	1.63617e-06	104244	321247	879799	-63102754.594	-62104704.213
run52	6959	9964	457860	2.23115e-04	4.04375e-05	2.91634e-05	2.35627e-05	9.39529e-07	7.86162e-07	144666	236099	673000	-62985209.509	-62104704.213
run53	13291	1059	515211	0.0012046	3.05972e-07	4.56190e-05	3.78089e-04	7.25412e-07	9.53762e-07	3300	123650	945552	-62674536.243	-62104704.213
run54	21875	1224	511166	9.71904e-04	1.47932e-07	2.29296e-05	3.12680e-04	3.97880e-07	3.39060e-06	5900	130171	936996	-62683699.631	-62104704.213
run55	2057	1616	341316	0.0010850	1.35520e-04	8.47213e-05	1.45041e-04	1.51990e-05	2.00440e-05	69732	516146	527856	-63163418.671	-62104704.213
run56	17608	1050	514295	0.0011297	3.64952e-08	3.20505e-05	3.67088e-04	5.38542e-07	4.21929e-06	4511	129592	980261	-62668858.612	-62104704.213
run57	16245	1026	489963	0.0012268	4.31097e-08	3.70362e-05	3.66805e-04	6.33840e-07	3.97837e-06	3915	127309	915034	-62672315.755	-62104704.213
run58	7809	11247	468085	2.10519e-04	2.53402e-05	2.64652e-05	1.97920e-05	8.43641e-07	6.61935e-07	125131	211627	770979	-62989586.764	-62104704.213
run59	3036	1286	484163	0.0012432	6.34918e-05	7.42080e-05	2.18530e-04	2.42303e-06	7.59235e-06	24627	247442	807976	-62998588.888	-62104704.213
run60	1105	13682	492607	1.50078e-07	8.84430e-04	8.40929e-05	2.49296e-05	5.97322e-06	3.89221e-07	217010	236561	912911	-63057624.787	-62104704.213
run61	18325	1035	490728	0.0011602	1.41125e-07	3.18327e-05	3.88165e-04	5.15721e-07	3.17927e-06	4033	128776	972369	-62672372.449	-62104704.213
run62	12235	1036	513283	0.0011734	5.52941e-08	4.66642e-05	3.79059e-04	8.28611e-07	1.62445e-06	3313	123697	981388	-62673825.770	-62104704.213
run63	4616	12588	497238	2.25131e-04	6.57532e-05	4.51379e-05	1.18705e-05	1.51386e-06	4.30930e-07	124492	240371	736521	-62996735.609	-62104704.213
run64	14087	1017	529550	0.0011936	1.99557e-07	4.16556e-05	3.80814e-04	7.69793e-07	2.78977e-06	3565	129322	862275	-62673707.873	-62104704.213
run65	6202	5964	458320	3.10298e-04	4.35969e-05	3.17220e-05	4.56856e-05	9.58658e-07	1.23577e-06	100233	265343	741317	-62988164.087	-62104704.213
run66	17446	1014	509583	0.0012115	1.18599e-07	3.20985e-05	3.87951e-04	5.77170e-07	4.91584e-06	4265	123210	892675	-62670735.252	-62104704.213
run67	14706	1019	494373	0.0011685	1.24365e-07	4.02142e-05	3.61151e-04	7.44786e-07	3.38703e-06	3674	130120	914022	-62674624.944	-62104704.213
run68	3426	1374	492290	0.0012710	2.06292e-07	7.61781e-05	2.07914e-04	2.63598e-06	6.52076e-06	16800	239661	664052	-62995954.602	-62104704.213
run69	4480	10582	440087	2.61941e-04	7.04220e-05	4.59034e-05	1.67542e-05	1.68261e-06	5.10974e-07	96830	262870	800005	-63000076.401	-62104704.213
run70	1603	5340	480519	6.30885e-04	1.96880e-04	1.17187e-04	3.29609e-05	8.19376e-06	8.04443e-07	44995	250319	832784	-63019688.845	-62104704.213
run71	15134	1045	511551	0.0011882	1.79991e-07	3.92478e-05	3.64173e-04	5.88789e-07	2.85572e-06	3813	131210	926136	-62673663.544	-62104704.213
run72	1889	5374	473908	5.23796e-04	1.18758e-04	9.99101e-05	3.55513e-05	8.81045e-06	1.18867e-06	59863	283547	500666	-63019252.897	-62104704.213
run73	1893	8062	488123	4.81854e-04	1.67841e-04	9.78597e-05	1.35249e-05	7.69706e-06	6.96576e-07	67969	297674	565279	-63022500.997	-62104704.213
run74	14249	1023	554032	0.0011443	1.83542e-08	4.06405e-05	4.06725e-04	8.06936e-07	2.53897e-06	3492	130477	806566	-62677665.343	-62104704.213
run75	19183	1047	505283	0.0011751	3.23241e-08	2.86758e-05	3.73673e-04	5.03207e-07	4.56465e-06	4823	127709	967727	-62669501.450	-62104704.213
run76	5856	7546	477080	2.76798e-04	4.97215e-05	3.42167e-05	3.34690e-05	1.02037e-06	1.18581e-06	110418	259477	779067	-62989881.692	-62104704.213
run77	6345	11162	491191	2.15846e-04	3.99670e-05	3.26795e-05	1.65833e-05	9.99418e-07	5.04810e-07	156577	253490	777149	-62985492.111	-62104704.213
run78	17463	1078	496423	0.0011422	1.28210e-07	3.15189e-05	3.63978e-04	5.89150e-07	3.81302e-06	4544	130241	961412	-62671887.510	-62104704.213
run79	4797	11040	505183	2.75034e-04	5.98187e-05	4.16904e-05	1.74454e-05	2.07093e-06	3.70974e-07	103890	221589	701309	-63000083.930	-62104704.213
run80	3673	9907	495346	2.97390e-04	8.28032e-05	5.11375e-05	2.05203e-05	2.65996e-06	7.68628e-07	115676	230208	523373	-62999755.626	-62104704.213
run81	1190	16264	457297	1.16652e-07	7.59135e-04	6.58103e-05	2.19408e-05	8.51431e-06	4.36492e-07	244214	256940	649312	-63060872.888	-62104704.213
run82	13992	1019	500357	0.0011811	5.25123e-07	4.25349e-05	3.97250e-04	6.59727e-07	3.31916e-06	3537	131974	959605	-62673855.962	-62104704.213
run83	1239	14260	472837	5.64729e-07	8.36780e-04	6.16857e-05	2.46875e-05	7.60507e-06	4.58887e-07	235267	256260	817739	-63059781.778	-62104704.213
run84	1038	1773	345764	0.0011968	2.71696e-04	1.54278e-04	1.09064e-04	3.24303e-05	1.67340e-05	88111	471559	482763	-63167252.794	-62104704.213
run85	1752	2253	345645	8.91676e-04	1.62523e-04	9.50435e-05	9.32141e-05	1.91226e-05	1.58110e-05	85741	442242	450452	-63164974.007	-62104704.213
run86	1313	13481	472420	1.25667e-06	8.06392e-04	5.82673e-05	2.62465e-05	6.27378e-06	4.26831e-07	221359	242878	885098	-63063226.271	-62104704.213
run87	6799	2010	449499	7.32946e-04	3.27721e-05	2.86487e-05	1.36050e-04	1.42288e-06	6.45338e-06	81580	350547	926523	-63005405.616	-62104704.213
run88	8165	4653	464484	3.49337e-04	3.26104e-05	2.53034e-05	5.79150e-05	6.43253e-07	1.66129e-06	148894	232086	956275	-62974504.327	-62104704.213
run89	1035	2273	497731	0.0012075	2.77754e-04	1.87837e-04	9.34353e-05	1.61053e-05	3.86786e-06	16210	227956	583089	-63020728.425	-62104704.213
run90	14878	1052	535398	0.0011024	5.84182e-08	3.69972e-05	3.49586e-04	5.89784e-07	3.74716e-06	4077	130501	980158	-62670004.611	-62104704.213
run91	8622	1895	470437	7.58008e-04	3.17085e-05	2.37775e-05	1.48971e-04	6.92104e-07	4.37286e-06	73418	253181	831598	-62978562.330	-62104704.213
run92	19781	1039	516950	0.0011927	3.53991e-07	2.80705e-05	3.72825e-04	4.28872e-07	4.87456e-06	5053	123006	970983	-62672744.547	-62104704.213
run93	1023	16015	466430	1.60043e-06	9.08244e-04	7.01028e-05	2.20509e-05	1.01151e-05	4.62284e-07	255239	268544	825484	-63061132.957	-62104704.213
run94	12064	1042	511346	0.0011818	3.54075e-07	4.61126e-05	3.85548e-04	7.76237e-07	1.09889e-06	3167	130012	924767	-62680896.326	-62104704.213
run95	1069	11256	451398	2.46023e-07	8.36357e-04	6.07298e-05	3.12749e-05	8.96667e-06	6.47046e-07	171277	275216	761646	-63072581.567	-62104704.213
run96	1404	13709	476241	2.24932e-06	6.46673e-04	6.21791e-05	2.61491e-05	5.97339e-06	4.41769e-07	212918	245946	955124	-63063418.365	-62104704.213
run97	14888	1037	488921	0.0011749	5.86541e-08	4.01922e-05	3.88077e-04	7.54209e-07	2.82942e-06	3590	122673	952632	-62674091.834	-62104704.213
run98	14961	1024	521969	0.0012061	1.47432e-07	4.13307e-05	3.81981e-04	5.60288e-07	2.83921e-06	3566	122515	931442	-62671836.803	-62104704.213
run99	1696	4612	353736	6.51915e-04	1.37011e-04	1.05097e-04	3.39880e-05	2.36897e-05	2.84615e-06	76081	429598	435446	-63175703.560	-62104704.213
run100	15462	1290	321572	0.0011204	1.25109e-04	1.37096e-05	2.06797e-04	6.27966e-07	4.56014e-05	1418	46382	116647	-62936745.882	-62104704.213
