Run	N_CMC	N_CME	N_CMS	MIG_C2E	MIG_E2C	MIG_S2C	MIG_S2E	DIV13	DIV02	DIV32	MaxEstLhood	MaxObsLhood
run1	14856	1073	519911	0.0010725	6.57431e-06	3.84326e-05	3.66506e-04	3398	120402	984161	-62705145.084	-62104704.213
run2	20601	1368	498903	8.23631e-04	4.28464e-06	2.71538e-05	2.86466e-04	4457	119989	926793	-62714774.205	-62104704.213
run3	4585	12924	511131	4.18679e-08	1.10814e-04	2.26344e-05	3.53347e-05	89453	160563	754040	-63427607.072	-62104704.213
run4	20837	1432	528118	7.74620e-04	4.06152e-06	2.76350e-05	2.52834e-04	4676	122822	966100	-62717529.384	-62104704.213
run5	25393	1761	514738	7.03455e-04	3.18421e-06	2.16829e-05	2.14525e-04	5526	117550	977085	-62727896.045	-62104704.213
run6	24041	1690	505172	7.30449e-04	3.29457e-06	2.38145e-05	2.20907e-04	5131	120143	916304	-62725331.859	-62104704.213
run7	15710	1018	533928	0.0011340	5.35655e-06	4.05269e-05	4.00839e-04	3242	119142	948072	-62704152.930	-62104704.213
run8	4730	23106	535209	1.79873e-04	4.34536e-05	5.44814e-05	7.38901e-07	53098	160945	669411	-63339885.606	-62104704.213
run9	21719	1507	523953	7.58161e-04	4.16428e-06	2.71955e-05	2.62468e-04	4860	120916	934057	-62718305.646	-62104704.213
run10	23677	1558	505573	7.55218e-04	3.84098e-06	2.30930e-05	2.56703e-04	5067	122216	926092	-62721642.456	-62104704.213
run11	24026	3991	481976	3.89250e-04	4.61174e-05	1.27360e-05	6.97143e-05	3552	100042	101458	-63017921.406	-62104704.213
run12	18117	1688	355487	8.79944e-04	9.88979e-05	1.39340e-05	1.52622e-04	1645	51574	115686	-62950298.179	-62104704.213
run13	13833	1515	276777	0.0010536	9.29969e-05	2.16150e-05	1.83658e-04	1533	39927	165188	-62934410.227	-62104704.213
run14	24835	1785	508692	6.62900e-04	3.60857e-06	2.20340e-05	2.07226e-04	5684	120061	954063	-62728236.636	-62104704.213
run15	5544	25806	446385	1.55912e-04	4.55161e-05	4.03477e-05	1.92479e-06	33280	152345	164256	-63453033.998	-62104704.213
run16	28093	1737	500949	7.30299e-04	3.06811e-06	2.25441e-05	2.18080e-04	5221	125977	956123	-62731215.817	-62104704.213
run17	20771	1486	503059	7.75423e-04	4.97257e-06	2.66773e-05	2.54829e-04	4616	123268	926614	-62719970.127	-62104704.213
run18	16416	1060	509220	0.0011413	6.07391e-06	3.79102e-05	3.73826e-04	3246	123583	968310	-62706646.207	-62104704.213
run19	23736	1497	516671	8.12996e-04	3.62755e-06	2.55373e-05	2.68058e-04	4632	116881	959853	-62716553.736	-62104704.213
run20	16037	1011	553372	0.0011611	6.80886e-06	3.91384e-05	3.99798e-04	3193	120827	888298	-62705639.982	-62104704.213
run21	17718	1188	517909	9.79720e-04	5.42836e-06	3.29947e-05	3.35864e-04	3827	124004	970373	-62705647.217	-62104704.213
run22	4373	26175	561306	1.70183e-04	6.11659e-05	5.40270e-05	1.19822e-07	67903	165155	636176	-63345537.725	-62104704.213
run23	7702	20751	542968	1.54854e-04	1.41057e-05	3.76180e-05	1.46396e-06	32825	121692	552981	-63332829.889	-62104704.213
run24	2698	16766	493390	3.01015e-04	8.02194e-05	8.95635e-05	3.92609e-07	12940	152757	161715	-63459768.622	-62104704.213
run25	8448	5708	562692	3.05284e-04	7.21882e-06	3.53409e-05	5.21937e-05	11738	142393	562018	-63161474.131	-62104704.213
run26	37206	6389	482369	1.92050e-04	2.54153e-06	9.28815e-06	5.01389e-05	17127	137455	625610	-62936635.729	-62104704.213
run27	23318	4291	473978	3.71866e-04	3.83797e-05	1.45079e-05	6.92944e-05	3927	89754	103111	-63021125.586	-62104704.213
run28	22529	3191	437552	5.30901e-04	5.77871e-05	1.32564e-05	8.89696e-05	2755	79242	102297	-62996467.874	-62104704.213
run29	21125	1344	505768	8.27119e-04	4.70615e-06	2.80765e-05	2.84901e-04	4312	120143	981353	-62714392.722	-62104704.213
run30	16399	1129	509708	0.0010274	6.01928e-06	3.78771e-05	3.42820e-04	3481	131416	900502	-62711383.394	-62104704.213
run31	21539	3804	429186	4.40046e-04	4.74574e-05	1.46004e-05	6.59764e-05	3037	75005	100351	-62998542.099	-62104704.213
run32	1665	14194	541667	3.42822e-04	1.75394e-04	1.28148e-04	4.38238e-07	27060	185317	520678	-63355672.640	-62104704.213
run33	16865	1100	522947	0.0010528	5.62882e-06	3.60120e-05	3.75854e-04	3543	122211	989983	-62703859.850	-62104704.213
run34	22721	1557	509392	7.70056e-04	3.71283e-06	2.50680e-05	2.52236e-04	4923	116948	963543	-62718567.232	-62104704.213
run35	22004	1428	494365	8.55599e-04	4.28274e-06	2.86508e-05	2.64326e-04	4344	120051	981389	-62717274.835	-62104704.213
run36	15345	1042	512017	0.0011357	5.30238e-06	3.99016e-05	3.77180e-04	3282	121917	950798	-62705006.050	-62104704.213
run37	16835	1182	514074	0.0010213	6.14155e-06	3.56062e-05	3.25552e-04	3559	119442	912787	-62707892.018	-62104704.213
run38	9602	11544	547535	2.00444e-04	1.16987e-05	2.92268e-05	2.34478e-05	17249	118009	427163	-63244446.863	-62104704.213
run39	23131	1750	501345	6.73367e-04	4.46027e-06	2.39306e-05	2.15538e-04	5277	120189	875801	-62727957.247	-62104704.213
run40	16680	1107	534996	9.85197e-04	5.10997e-06	3.62372e-05	3.36195e-04	3619	117156	974074	-62707878.855	-62104704.213
run41	23441	1565	511925	7.46713e-04	4.05149e-06	2.35947e-05	2.48763e-04	4937	112334	982689	-62720930.369	-62104704.213
run42	23251	1563	513804	7.90021e-04	3.73981e-06	2.47289e-05	2.45401e-04	4794	122397	943119	-62718426.608	-62104704.213
run43	15270	1041	525927	0.0011437	6.12617e-06	3.87945e-05	4.10254e-04	3303	123214	976587	-62704741.039	-62104704.213
run44	19178	3781	424470	4.59295e-04	5.06489e-05	1.73434e-05	6.17410e-05	2982	77137	117060	-62990320.235	-62104704.213
run45	32238	6056	490580	1.79855e-04	3.05083e-06	9.60584e-06	5.81566e-05	15822	128791	682432	-62938405.913	-62104704.213
run46	19878	1313	539635	8.82926e-04	4.03242e-06	3.02198e-05	2.81924e-04	4244	122824	987956	-62711747.436	-62104704.213
run47	5426	25258	458815	1.65502e-04	3.77447e-05	4.72881e-05	1.54442e-06	28774	163463	167236	-63448714.157	-62104704.213
run48	23277	1447	493440	7.99378e-04	3.97337e-06	2.37632e-05	2.76255e-04	4706	119401	982950	-62719807.571	-62104704.213
run49	26913	2530	517029	4.87293e-04	3.36478e-06	1.85512e-05	1.42607e-04	7480	126487	779524	-62763976.599	-62104704.213
run50	17100	3589	491010	4.33981e-04	5.01255e-05	1.95320e-05	6.93955e-05	3134	108146	111310	-63012422.956	-62104704.213
run51	23215	1542	512067	7.76056e-04	4.06840e-06	2.53980e-05	2.44645e-04	4758	117348	927000	-62718656.079	-62104704.213
run52	4711	21482	444600	1.98404e-04	5.29600e-05	5.25794e-05	7.90315e-07	24366	166463	168360	-63450490.493	-62104704.213
run53	5418	13577	518317	3.61704e-06	9.84090e-05	1.88087e-05	3.26689e-05	91418	159116	542377	-63427293.345	-62104704.213
run54	4786	21963	464817	1.83793e-04	3.75537e-05	4.92817e-05	1.79247e-06	19084	127548	142501	-63451940.557	-62104704.213
run55	22789	1542	530723	7.35582e-04	3.80682e-06	2.64771e-05	2.51807e-04	4924	117884	980191	-62719501.312	-62104704.213
run56	6435	26408	502291	1.35290e-04	2.90775e-05	3.97460e-05	1.73075e-06	64869	162422	578793	-63339433.126	-62104704.213
run57	18090	1854	368864	8.81741e-04	9.89389e-05	1.32110e-05	1.62671e-04	1685	54379	111914	-62958544.236	-62104704.213
run58	30044	2803	527003	4.04022e-04	4.20165e-06	1.44062e-05	1.23814e-04	8072	117727	953045	-62781291.702	-62104704.213
run59	22701	1735	525933	7.08288e-04	4.18711e-06	2.59711e-05	2.21561e-04	5125	121076	828267	-62728303.219	-62104704.213
run60	18090	1854	368864	8.81741e-04	9.89389e-05	1.32110e-05	1.62671e-04	1685	54379	111914	-62958544.236	-62104704.213
run61	3753	20149	517454	2.51429e-04	5.71587e-05	7.10046e-05	8.35990e-08	36470	156408	627913	-63345999.541	-62104704.213
run62	32278	3219	507914	3.62059e-04	3.12735e-06	1.40823e-05	1.09871e-04	9049	133428	613228	-62800741.109	-62104704.213
run63	4406	24099	489074	2.01232e-04	4.74136e-05	5.59388e-05	7.41696e-07	19129	138184	156846	-63456441.687	-62104704.213
run64	19707	1358	512195	8.73045e-04	5.44907e-06	2.86925e-05	2.93239e-04	4249	122890	951686	-62713296.103	-62104704.213
run65	19904	1502	516034	7.90321e-04	5.05208e-06	2.90603e-05	2.60525e-04	4687	126530	875125	-62719797.128	-62104704.213
run66	15711	1070	526745	0.0011059	6.22599e-06	3.91399e-05	3.56175e-04	3249	120800	866987	-62706476.384	-62104704.213
run67	22601	1544	513211	7.53430e-04	4.43716e-06	2.50742e-05	2.45186e-04	4809	125187	846490	-62720061.387	-62104704.213
run68	19910	2634	428994	6.09306e-04	6.80171e-05	1.33581e-05	1.14001e-04	2375	63806	93801	-62982127.066	-62104704.213
run69	16093	1315	381752	0.0010734	5.70298e-05	3.09027e-05	2.07772e-04	1639	44095	222782	-62885751.880	-62104704.213
run70	15602	1766	371401	8.89628e-04	8.18226e-05	1.86162e-05	1.71430e-04	1776	47938	149622	-62938083.544	-62104704.213
run71	5887	26358	471841	1.54546e-04	3.21585e-05	4.15467e-05	1.20218e-06	30374	166737	170229	-63449667.476	-62104704.213
run72	4610	24272	549385	1.80893e-04	3.94355e-05	5.90112e-05	3.72111e-07	52271	161372	698071	-63344324.101	-62104704.213
run73	27056	2098	525448	5.48450e-04	2.99462e-06	1.94042e-05	1.72428e-04	6621	125677	928564	-62743421.432	-62104704.213
run74	6653	15518	492424	4.27695e-07	9.11630e-05	1.59271e-05	2.75156e-05	114692	174549	578198	-63427053.179	-62104704.213
run75	18794	1225	517799	9.40013e-04	5.03921e-06	3.04427e-05	3.17801e-04	4025	123461	926504	-62710972.604	-62104704.213
run76	18851	1285	503518	8.69877e-04	4.80192e-06	3.03608e-05	3.00195e-04	4178	124634	984061	-62710986.651	-62104704.213
run77	16355	1032	521150	0.0010833	6.21761e-06	3.79272e-05	3.90018e-04	3413	119358	972831	-62702878.625	-62104704.213
run78	21595	1413	509818	8.30892e-04	5.24421e-06	2.66253e-05	2.75005e-04	4551	118510	870934	-62718863.511	-62104704.213
run79	2790	15466	473645	3.03405e-04	8.47748e-05	8.53500e-05	1.39199e-07	15084	165801	175123	-63454837.411	-62104704.213
run80	25918	2150	510159	5.71813e-04	3.75654e-06	1.92914e-05	1.69587e-04	6323	126670	878713	-62744639.396	-62104704.213
run81	26947	1893	505534	6.00389e-04	3.19399e-06	1.92277e-05	1.97897e-04	6174	121124	915260	-62736686.737	-62104704.213
run82	5449	25375	541936	1.64826e-04	4.68314e-05	4.53556e-05	5.21174e-07	67014	169131	688020	-63338445.790	-62104704.213
run83	24757	1488	521513	7.48810e-04	4.03814e-06	2.42118e-05	2.43247e-04	4648	118725	807381	-62727513.441	-62104704.213
run84	2899	16344	479563	3.20184e-04	7.82101e-05	8.41094e-05	1.27112e-07	12936	147981	163577	-63453757.470	-62104704.213
run85	14963	1090	541376	0.0010586	5.97717e-06	3.96503e-05	3.66622e-04	3381	125541	874217	-62706630.454	-62104704.213
run86	16649	1014	534871	0.0010411	5.43927e-06	3.81063e-05	3.89054e-04	3461	115534	954390	-62705280.194	-62104704.213
run87	18283	1946	378532	9.25068e-04	1.02581e-04	1.31440e-05	1.36158e-04	1603	53429	106507	-62964864.925	-62104704.213
run88	19866	1363	517565	8.76367e-04	4.68994e-06	2.88024e-05	2.82475e-04	4218	124084	970772	-62711034.902	-62104704.213
run89	15327	2439	446169	6.77464e-04	8.60795e-05	1.66327e-05	1.26173e-04	2266	74317	101146	-62994778.206	-62104704.213
run90	7512	25119	508092	1.27530e-04	2.58268e-05	3.45951e-05	2.64141e-06	81878	149711	953238	-63342798.277	-62104704.213
run91	16827	1175	509502	9.05779e-04	6.52996e-06	3.23313e-05	3.26735e-04	3772	119597	940195	-62712816.555	-62104704.213
run92	15860	1060	518975	0.0011291	5.63407e-06	3.86331e-05	3.70969e-04	3268	116045	952209	-62704357.215	-62104704.213
run93	29011	3021	535721	4.15219e-04	4.21972e-06	1.53345e-05	1.18925e-04	8007	126260	820835	-62781866.376	-62104704.213
run94	3732	22618	447675	2.20566e-04	6.43513e-05	6.34935e-05	2.96350e-07	23610	185184	187011	-63454310.873	-62104704.213
run95	23189	1673	480728	7.31064e-04	4.57345e-06	2.53875e-05	2.30726e-04	5068	118673	898874	-62727424.020	-62104704.213
run96	7300	23877	463607	1.22139e-04	3.78141e-05	3.14106e-05	6.33445e-06	82332	155253	531177	-63347272.438	-62104704.213
run97	15265	1029	512958	0.0011170	6.36838e-06	3.92155e-05	3.97693e-04	3324	117601	980345	-62705221.833	-62104704.213
run98	5555	25744	515444	1.67313e-04	4.21495e-05	4.54855e-05	5.03275e-07	62527	169656	609470	-63339760.628	-62104704.213
run99	22790	1641	520717	7.64906e-04	3.70624e-06	2.51509e-05	2.32352e-04	4942	120686	959547	-62719035.974	-62104704.213
run100	12616	9502	447378	1.84035e-04	1.10029e-05	2.39331e-05	2.18050e-05	8935	81671	161383	-63231867.195	-62104704.213
