Run	N_CMC	N_CME	N_CMS	MIG_C2E	MIG_E2C	MIG_S2C	MIG_S2E	SURF	HYBR	DIV02	MaxEstLhood	MaxObsLhood
run1	4408	25176	311129	1.22292e-07	1.14539e-04	2.52797e-05	1.15804e-05	0.9238421	33379	921217	-63533946.990	-62104704.213
run2	8204	31381	448677	1.10288e-04	2.53140e-05	3.05469e-05	7.14083e-07	0.7832799	48586	209928	-63468562.844	-62104704.213
run3	27466	1437	519046	8.09521e-04	6.22684e-05	1.43088e-05	3.06821e-04	0.6871283	3290	86890	-63132545.501	-62104704.213
run4	5507	30483	315451	1.33520e-07	9.29543e-05	1.94692e-05	9.04257e-06	0.9074547	34794	745682	-63527004.551	-62104704.213
run5	28070	7921	502252	9.97101e-05	6.26196e-05	1.56199e-05	4.45649e-05	0.3381240	3369	88083	-63130620.359	-62104704.213
run6	6680	30521	353449	1.13463e-04	3.20764e-05	3.50187e-05	5.38613e-07	0.4230061	89434	620386	-63485171.716	-62104704.213
run7	6304	33308	299062	1.30910e-06	8.18220e-05	1.66171e-05	8.31443e-06	0.9597809	40952	907321	-63522312.617	-62104704.213
run8	7185	35104	301851	5.87993e-07	7.70038e-05	1.19796e-05	8.36209e-06	0.9443690	44907	824999	-63525703.869	-62104704.213
run9	5902	29319	362941	1.33317e-04	3.61021e-05	3.86006e-05	7.19291e-08	0.1840164	72727	521606	-63483424.913	-62104704.213
run10	4504	22657	357039	1.89288e-04	3.75351e-05	5.62486e-05	6.08637e-07	0.8428109	48604	559519	-63484859.459	-62104704.213
run11	7357	36174	311373	2.67171e-07	7.38735e-05	1.30582e-05	7.48650e-06	0.9512534	46232	905296	-63527129.600	-62104704.213
run12	5777	26095	454538	1.53212e-04	2.28184e-05	4.32998e-05	2.13073e-06	0.4691375	30240	194933	-63461468.841	-62104704.213
run13	5228	31028	404670	1.30680e-04	4.84391e-05	4.33788e-05	2.45814e-07	0.3226732	47911	198797	-63475414.411	-62104704.213
run14	27310	7948	525265	1.59082e-04	4.36692e-05	1.60671e-05	2.98759e-05	0.4653611	3820	91088	-63128802.963	-62104704.213
run15	3864	19718	359246	1.95138e-04	6.20153e-05	6.15768e-05	2.05794e-06	0.3498459	52579	664633	-63487836.587	-62104704.213
run16	26737	2891	525819	4.76196e-04	5.78033e-05	1.71364e-05	1.24558e-04	0.7567481	2533	85266	-63116356.291	-62104704.213
run17	3975	24378	364136	2.06342e-04	7.07097e-05	5.68695e-05	3.05785e-07	0.2666459	54981	546875	-63484234.362	-62104704.213
run18	5988	29645	310482	4.69917e-07	8.19208e-05	1.76247e-05	1.05999e-05	0.9354832	38615	848799	-63526234.199	-62104704.213
run19	5779	33478	303857	7.16834e-07	8.74034e-05	1.71873e-05	8.31548e-06	0.9413403	41179	927010	-63524753.902	-62104704.213
run20	6692	29920	352219	1.33920e-04	2.40038e-05	3.52612e-05	5.34317e-07	0.5031700	85935	587834	-63487055.526	-62104704.213
run21	4019	22402	377326	1.92309e-04	5.43853e-05	6.08013e-05	9.92756e-07	0.6615025	45272	486971	-63485426.184	-62104704.213
run22	5669	24737	360596	1.46002e-04	2.78365e-05	4.25744e-05	4.54933e-07	0.2850453	65411	564510	-63486751.107	-62104704.213
run23	7125	34027	307812	4.53605e-08	8.17788e-05	1.37060e-05	8.16535e-06	0.9358289	42598	812342	-63526613.911	-62104704.213
run24	23686	4808	553592	2.65534e-04	5.04470e-05	1.88587e-05	8.09131e-05	0.4984562	3338	85136	-63120036.997	-62104704.213
run25	10206	24430	453721	1.08761e-04	1.76974e-05	2.41635e-05	4.68828e-06	0.6603128	61586	185062	-63455114.271	-62104704.213
run26	7374	34891	308386	1.40620e-06	7.27730e-05	1.26218e-05	7.66201e-06	0.9559834	47445	805990	-63529040.519	-62104704.213
run27	3845	19928	442341	2.25963e-04	5.02132e-05	6.72966e-05	6.30175e-07	0.2685061	23046	196137	-63463374.066	-62104704.213
run28	1562	12338	390840	4.69802e-04	1.51680e-04	1.41732e-04	1.66014e-07	0.2100326	17305	453885	-63501659.232	-62104704.213
run29	4999	24278	438741	1.57183e-04	4.29073e-05	5.15386e-05	1.36920e-06	0.4178092	29111	180993	-63458541.867	-62104704.213
run30	8013	29935	424277	1.26773e-04	2.46515e-05	3.18141e-05	1.82001e-06	0.4574866	46483	174637	-63458870.589	-62104704.213
run31	5973	28442	451522	1.36216e-04	2.78766e-05	4.22323e-05	5.41275e-07	0.1712916	34245	169379	-63457652.586	-62104704.213
run32	11277	20361	470818	1.15215e-04	1.21271e-05	2.27195e-05	9.33113e-06	0.6568842	50758	162493	-63458871.379	-62104704.213
run33	5487	26247	317707	1.46272e-07	9.76806e-05	1.92668e-05	1.12733e-05	0.9166386	36227	809230	-63527566.614	-62104704.213
run34	3841	21528	324360	1.63790e-07	1.18220e-04	2.74030e-05	1.38007e-05	0.8657649	26463	722301	-63537331.289	-62104704.213
run35	6694	23315	436791	1.47384e-04	1.83931e-05	4.03565e-05	1.80665e-06	0.6399040	36876	215819	-63460139.916	-62104704.213
run36	8413	27743	408845	1.18582e-04	2.49527e-05	2.81771e-05	3.70904e-06	0.2878990	48400	190698	-63460478.920	-62104704.213
run37	4420	20335	384349	1.87591e-04	5.20179e-05	5.36890e-05	1.40028e-06	0.8878465	42817	413213	-63477075.420	-62104704.213
run38	5242	24521	370884	1.49953e-04	3.76258e-05	4.73040e-05	7.76263e-07	0.5488769	57991	540644	-63481910.631	-62104704.213
run39	3052	16742	454256	2.59506e-04	6.66125e-05	8.65106e-05	1.87486e-07	0.1936266	19392	216927	-63467809.159	-62104704.213
run40	28931	3598	540289	4.80797e-04	4.45249e-05	1.48689e-05	8.74892e-05	0.8515008	3034	94090	-63119422.358	-62104704.213
run41	25726	2598	521016	5.51191e-04	5.96781e-05	2.01855e-05	1.33370e-04	0.7211970	2460	82269	-63113951.737	-62104704.213
run42	7044	33950	306794	1.10130e-06	8.08637e-05	1.19316e-05	8.14481e-06	0.9629012	45293	900748	-63527086.806	-62104704.213
run43	28147	1542	561788	7.58645e-04	1.02297e-04	7.76029e-06	2.53113e-04	0.7705411	2045	87936	-63113468.344	-62104704.213
run44	1391	10822	460620	4.75283e-04	1.60008e-04	1.66525e-04	2.42378e-07	0.3439095	8755	220050	-63479387.085	-62104704.213
run45	2575	15026	357486	2.91197e-04	8.56060e-05	9.08853e-05	3.05825e-06	0.7576316	29066	579725	-63491644.987	-62104704.213
run46	8644	35213	295229	1.76512e-06	6.89595e-05	1.08986e-05	7.84047e-06	0.9695188	51913	894888	-63534701.571	-62104704.213
run47	5803	24128	371641	1.57476e-04	4.15157e-05	4.35689e-05	3.69479e-07	0.6764007	61141	465374	-63481020.760	-62104704.213
run48	6262	32630	325548	5.74196e-07	8.57078e-05	1.44645e-05	8.39531e-06	0.9130420	40646	695505	-63529022.758	-62104704.213
run49	5272	30858	313595	1.04697e-06	9.63357e-05	1.90369e-05	8.62410e-06	0.9398534	35613	854939	-63526740.966	-62104704.213
run50	24760	9286	525979	6.55730e-05	5.32502e-05	1.60458e-05	3.15801e-05	0.3339189	3963	90972	-63133919.424	-62104704.213
run51	4983	21280	347328	1.57953e-04	4.23282e-05	4.96918e-05	7.21922e-07	0.3169242	57819	532837	-63483383.111	-62104704.213
run52	31656	3921	531968	3.57681e-04	5.22102e-05	1.22203e-05	8.27258e-05	0.6169949	2975	89713	-63124430.409	-62104704.213
run53	6531	30930	309076	3.58316e-07	8.28943e-05	1.61894e-05	9.04281e-06	0.9308057	40527	815770	-63522663.770	-62104704.213
run54	6908	26025	423580	1.37301e-04	2.55974e-05	3.79163e-05	1.06353e-06	0.7809268	39233	193692	-63459791.564	-62104704.213
run55	6090	30608	436657	1.51991e-04	4.08867e-05	3.92976e-05	2.02422e-07	0.7679782	37842	197404	-63460111.624	-62104704.213
run56	6613	28830	320386	4.11224e-07	9.18792e-05	1.46179e-05	1.04960e-05	0.9145050	40281	848778	-63527870.817	-62104704.213
run57	25522	6113	511486	2.27653e-04	3.87001e-05	1.93715e-05	4.91954e-05	0.5595292	3512	84507	-63125170.499	-62104704.213
run58	7368	36121	301951	5.51414e-07	8.46382e-05	1.38918e-05	7.62427e-06	0.9585192	43789	937033	-63527144.817	-62104704.213
run59	29285	5355	513229	2.42201e-04	5.07532e-05	1.38621e-05	6.36421e-05	0.5054945	3613	92123	-63125356.321	-62104704.213
run60	1416	10614	373125	4.75935e-04	1.69681e-04	1.61130e-04	5.14296e-07	0.6221730	16097	591500	-63505868.160	-62104704.213
run61	5347	29320	448097	1.53082e-04	4.64350e-05	4.36258e-05	5.09624e-08	0.3858249	34811	214613	-63459893.303	-62104704.213
run62	3329	20771	481031	2.26126e-04	7.37888e-05	6.59941e-05	1.36990e-06	0.1738016	25206	207482	-63464710.594	-62104704.213
run63	6039	24681	325709	4.68340e-06	9.22485e-05	1.73709e-05	1.11448e-05	0.9745114	37346	852529	-63528202.159	-62104704.213
run64	4806	26557	448192	1.63274e-04	4.09781e-05	5.15019e-05	8.73680e-07	0.3634515	30825	222220	-63460554.687	-62104704.213
run65	4908	30404	460201	1.48541e-04	3.59716e-05	4.86065e-05	7.00248e-07	0.3027123	29403	179907	-63455641.312	-62104704.213
run66	24864	2001	551952	7.00956e-04	7.77101e-05	1.27605e-05	1.84680e-04	0.9040653	2288	85697	-63113823.301	-62104704.213
run67	27506	9540	538159	1.05890e-04	4.59614e-05	1.47961e-05	2.49801e-05	0.4154868	3843	91320	-63130734.707	-62104704.213
run68	2466	18102	472252	2.67517e-04	7.72321e-05	9.76760e-05	3.26225e-07	0.2746569	14336	182705	-63472289.811	-62104704.213
run69	26752	2482	552482	6.36607e-04	5.73760e-05	1.46366e-05	1.37831e-04	0.9584112	2670	84026	-63113460.320	-62104704.213
run70	5435	31062	316450	1.16572e-06	9.09865e-05	2.00164e-05	8.74656e-06	0.9386601	37775	835848	-63525613.643	-62104704.213
run71	5316	29047	448722	1.46206e-04	4.00159e-05	4.69136e-05	1.06931e-07	0.4448003	28861	191777	-63460472.020	-62104704.213
run72	7183	26189	459195	1.36564e-04	2.41075e-05	3.57484e-05	1.52131e-06	0.3969140	40191	196819	-63454227.573	-62104704.213
run73	7068	33603	298731	1.24078e-06	7.24511e-05	1.43186e-05	8.63374e-06	0.9720794	48741	986774	-63525529.934	-62104704.213
run74	7011	31012	415767	1.23714e-04	2.38345e-05	3.55535e-05	6.24306e-07	0.1977345	45631	215893	-63460703.688	-62104704.213
run75	9393	26611	434080	1.06116e-04	1.76443e-05	2.69962e-05	5.81244e-06	0.2239807	59477	186148	-63458139.733	-62104704.213
run76	4842	25932	454675	1.76364e-04	4.70629e-05	5.19351e-05	1.45836e-07	0.2689942	27356	197458	-63461456.117	-62104704.213
run77	10233	30366	436101	9.87018e-05	1.84988e-05	2.48769e-05	3.70830e-06	0.6481257	55022	181919	-63459323.759	-62104704.213
run78	2045	17598	431054	3.37937e-04	1.37863e-04	9.97977e-05	4.11927e-07	0.3613522	16865	238249	-63481404.081	-62104704.213
run79	27259	9253	499115	1.29732e-04	4.73458e-05	1.44669e-05	3.26278e-05	0.4066360	4194	96878	-63136345.797	-62104704.213
run80	7234	30175	448087	1.21662e-04	1.83546e-05	3.50617e-05	2.32662e-06	0.3003754	32368	174673	-63461645.531	-62104704.213
run81	6859	35840	304369	1.11245e-06	8.17680e-05	1.37767e-05	8.09346e-06	0.9734516	43709	958201	-63524637.534	-62104704.213
run82	3381	19617	462571	2.17935e-04	5.92976e-05	7.28143e-05	2.41595e-07	0.5920508	19479	199747	-63466185.495	-62104704.213
run83	29295	3120	522566	4.92979e-04	6.88210e-05	1.24092e-05	1.12486e-04	0.7439768	2475	90964	-63119011.594	-62104704.213
run84	4467	27229	360043	1.67959e-04	5.05913e-05	5.14460e-05	3.63983e-07	0.5118579	58260	579031	-63481922.664	-62104704.213
run85	6559	31617	307917	2.21735e-06	8.02117e-05	1.56166e-05	8.30738e-06	0.9578722	43478	905727	-63522310.511	-62104704.213
run86	6815	31293	306760	1.97432e-06	7.52926e-05	1.47205e-05	9.36719e-06	0.9764856	44229	949849	-63524716.271	-62104704.213
run87	5778	23326	461762	1.47849e-04	2.79137e-05	4.43317e-05	3.34450e-06	0.3952768	28722	181166	-63458126.325	-62104704.213
run88	6484	31727	455201	1.29996e-04	2.65274e-05	3.87086e-05	4.85604e-07	0.5295233	32653	174929	-63458001.221	-62104704.213
run89	6001	31988	304072	6.64982e-07	9.36121e-05	1.54363e-05	8.62193e-06	0.9517064	37840	874665	-63524359.914	-62104704.213
run90	7812	34108	308968	1.81197e-06	6.99387e-05	1.16873e-05	8.73266e-06	0.9735978	47710	877783	-63528956.685	-62104704.213
run91	4735	25705	349700	1.71536e-04	4.46636e-05	5.07774e-05	6.53515e-08	0.6532592	57766	629121	-63484552.664	-62104704.213
run92	29095	4617	522051	2.41936e-04	7.34233e-05	1.47363e-05	7.86220e-05	0.4019895	2681	87984	-63119883.561	-62104704.213
run93	9871	25527	449317	1.10388e-04	1.33244e-05	2.54842e-05	4.74596e-06	0.7094883	48567	173515	-63462725.137	-62104704.213
run94	5028	30657	317644	2.94880e-07	9.82438e-05	1.96618e-05	8.14140e-06	0.9268564	34191	706504	-63530124.758	-62104704.213
run95	1100	6059	388257	7.11535e-04	1.84684e-04	2.11838e-04	7.32520e-06	0.8387462	10609	516329	-63512014.883	-62104704.213
run96	1317	11098	482645	5.31650e-04	1.80085e-04	1.83305e-04	1.49977e-07	0.0995808	9232	199925	-63480578.990	-62104704.213
run97	5503	24826	348437	1.53835e-04	3.50972e-05	4.71402e-05	7.10399e-07	0.1680768	65871	657726	-63487013.680	-62104704.213
run98	8309	36238	296385	6.81961e-07	7.53745e-05	1.17159e-05	7.71968e-06	0.9595391	50100	969787	-63526961.323	-62104704.213
run99	29015	2364	508614	5.57361e-04	7.38643e-05	1.47267e-05	1.54057e-04	0.6753519	2554	86394	-63118125.751	-62104704.213
run100	26509	2415	558715	5.83180e-04	7.44932e-05	1.12735e-05	1.45581e-04	0.8061271	2241	80202	-63112564.498	-62104704.213
