Run	N_CMC	N_CME	N_CMS	SURF	HYBR	DIV02	MaxEstLhood	MaxObsLhood
run1	60757	32522	355574	0.1343875	5766	52151	-64233086.809	-62104704.213
run2	56841	32037	402760	0.1480973	5820	49097	-64226241.898	-62104704.213
run3	63732	30094	484995	0.1481404	5878	53670	-64232662.370	-62104704.213
run4	60814	28220	436517	0.1599282	5258	52956	-64227011.241	-62104704.213
run5	60758	23366	419590	0.1831728	4436	54614	-64223884.965	-62104704.213
run6	63661	28725	502742	0.1651910	5471	58341	-64232734.424	-62104704.213
run7	62610	30466	454692	0.1597681	5581	54677	-64229653.130	-62104704.213
run8	62904	36026	476866	0.1392551	6552	51935	-64235535.552	-62104704.213
run9	58926	28304	402626	0.1483400	4907	51113	-64227906.151	-62104704.213
run10	57606	28582	395800	0.1426973	5215	50729	-64229047.115	-62104704.213
run11	60438	32828	441187	0.1572552	6272	53547	-64228143.221	-62104704.213
run12	66110	24810	428693	0.1733501	4726	57646	-64228441.309	-62104704.213
run13	63619	32687	440519	0.1516589	5833	53341	-64227162.346	-62104704.213
run14	64049	24070	444026	0.1593761	4470	54805	-64227655.734	-62104704.213
run15	58618	28892	478273	0.1512681	5305	51175	-64223086.484	-62104704.213
run16	65740	23762	510034	0.1613588	4261	57210	-64229174.884	-62104704.213
run17	60490	25772	404288	0.1436439	4928	52901	-64226286.950	-62104704.213
run18	59550	23735	420216	0.1715052	4292	52024	-64222337.239	-62104704.213
run19	66051	20404	474931	0.1767956	3693	57337	-64229953.505	-62104704.213
run20	63142	26448	454660	0.1765448	4985	54475	-64227119.006	-62104704.213
run21	57731	30326	422144	0.1459075	5040	48091	-64226079.325	-62104704.213
run22	62221	37337	434097	0.1436784	7058	55209	-64234332.704	-62104704.213
run23	57080	34873	398642	0.1322664	6195	48910	-64230871.358	-62104704.213
run24	62792	29490	459944	0.1596636	5675	54022	-64225470.585	-62104704.213
run25	63484	5258	450846	0.1887231	908	58068	-64247239.817	-62104704.213
run26	64889	37870	424445	0.1287846	6724	54207	-64233036.687	-62104704.213
run27	56328	27531	384604	0.1510044	4874	50897	-64229636.378	-62104704.213
run28	60505	32009	415077	0.1353328	5694	51582	-64232008.331	-62104704.213
run29	61801	32861	479386	0.1530798	5992	51184	-64232064.748	-62104704.213
run30	62560	30410	474658	0.1446104	5542	54183	-64227882.354	-62104704.213
run31	56619	32204	417166	0.1383571	5574	49012	-64230289.781	-62104704.213
run32	61585	19033	474257	0.1899214	3754	55318	-64226846.728	-62104704.213
run33	60357	32851	467225	0.1518255	5739	52456	-64233867.573	-62104704.213
run34	61511	28490	388172	0.1709617	5241	52325	-64228047.671	-62104704.213
run35	60223	26416	458466	0.1465999	5154	53763	-64228499.742	-62104704.213
run36	62598	26893	423631	0.1735926	5086	55366	-64223687.409	-62104704.213
run37	65553	27664	438645	0.1507785	4981	55749	-64228291.271	-62104704.213
run38	63639	26716	465012	0.1588938	4831	53154	-64229389.611	-62104704.213
run39	64475	26730	425292	0.1552311	5186	54636	-64227617.822	-62104704.213
run40	61488	26270	369965	0.1514790	4791	54032	-64231446.395	-62104704.213
run41	63721	25722	434390	0.1606925	4873	55772	-64224350.173	-62104704.213
run42	58084	23951	418766	0.1699296	4343	52584	-64224970.707	-62104704.213
run43	59632	26041	430721	0.1644901	4636	52689	-64227134.655	-62104704.213
run44	61893	32765	457573	0.1514323	5858	55455	-64231142.928	-62104704.213
run45	62116	27020	439235	0.1687121	4946	53838	-64228897.387	-62104704.213
run46	59936	32946	448669	0.1565196	6164	50312	-64232347.534	-62104704.213
run47	60206	31766	455745	0.1629748	5687	55128	-64229738.927	-62104704.213
run48	61284	17702	496993	0.1807801	3235	53467	-64228009.074	-62104704.213
run49	63730	34520	431481	0.1482604	6622	55173	-64231947.627	-62104704.213
run50	61303	39557	481933	0.1275324	6749	54012	-64232725.525	-62104704.213
run51	61175	25757	474196	0.1766400	4727	53534	-64226498.050	-62104704.213
run52	64580	33580	480236	0.1562889	5716	56879	-64230662.981	-62104704.213
run53	62100	30598	443329	0.1495756	5705	53676	-64229938.739	-62104704.213
run54	62190	26049	453399	0.1734453	4930	54760	-64225637.941	-62104704.213
run55	62217	32916	463773	0.1527294	6075	52176	-64230963.194	-62104704.213
run56	60756	25429	466327	0.1613911	4815	53317	-64227010.980	-62104704.213
run57	59605	28125	442839	0.1586618	5127	52885	-64224546.494	-62104704.213
run58	62803	29235	411676	0.1574811	5114	54501	-64224639.017	-62104704.213
run59	58891	34718	408107	0.1476402	6142	51086	-64233350.802	-62104704.213
run60	63627	30912	484764	0.1728861	5642	53697	-64233253.094	-62104704.213
run61	61452	25499	517548	0.1554909	4272	54096	-64229180.308	-62104704.213
run62	59948	30307	438966	0.1533849	5605	54251	-64231447.992	-62104704.213
run63	66026	30595	435956	0.1447716	5350	57365	-64229604.247	-62104704.213
run64	63396	33688	465847	0.1418913	6172	56327	-64232051.674	-62104704.213
run65	61038	29206	480110	0.1689754	5629	52975	-64227784.743	-62104704.213
run66	61282	28649	447173	0.1479200	5300	54410	-64228459.788	-62104704.213
run67	60291	36326	422170	0.1504425	7019	51908	-64233397.277	-62104704.213
run68	63623	21647	455144	0.1730508	4179	55633	-64229932.165	-62104704.213
run69	57633	34992	457695	0.1435291	6254	49679	-64229811.302	-62104704.213
run70	64721	27443	396358	0.1628509	5279	56267	-64228701.824	-62104704.213
run71	63638	32570	421652	0.1429634	6116	54086	-64224979.871	-62104704.213
run72	61176	30419	445898	0.1547030	5455	51906	-64227139.868	-62104704.213
run73	64956	25391	397228	0.1694717	5182	56794	-64230564.912	-62104704.213
run74	63171	29348	409535	0.1352706	5370	53014	-64228969.115	-62104704.213
run75	61395	35647	433374	0.1472169	6809	52008	-64231240.535	-62104704.213
run76	62530	24318	421331	0.1731718	4851	55507	-64227412.801	-62104704.213
run77	65335	25772	450317	0.1602146	4567	55493	-64228240.213	-62104704.213
run78	59919	24223	444020	0.1773303	4635	54277	-64229552.946	-62104704.213
run79	65658	24802	504711	0.1817769	5013	56824	-64227116.849	-62104704.213
run80	61169	35226	444553	0.1377998	6468	52627	-64232674.069	-62104704.213
run81	65604	27948	463331	0.1430439	5182	55723	-64233544.146	-62104704.213
run82	57222	31587	480379	0.1424877	5667	49785	-64227908.490	-62104704.213
run83	65229	30993	444081	0.1532459	5688	57543	-64231338.725	-62104704.213
run84	62677	33158	432868	0.1618168	6024	54353	-64225729.380	-62104704.213
run85	61549	28081	454785	0.1673950	5452	53141	-64224550.101	-62104704.213
run86	59266	31371	428342	0.1423820	5511	52848	-64228298.041	-62104704.213
run87	68072	24734	480877	0.1566257	4652	59533	-64228454.768	-62104704.213
run88	64978	28518	457507	0.1504255	5766	54519	-64227749.421	-62104704.213
run89	64389	31079	428112	0.1478315	5630	56638	-64232909.559	-62104704.213
run90	61684	37166	442059	0.1373575	6992	53654	-64234755.035	-62104704.213
run91	57513	36739	375605	0.1256435	6436	50061	-64237983.544	-62104704.213
run92	57208	25019	370956	0.1789533	5021	48634	-64229202.209	-62104704.213
run93	63069	30164	458163	0.1603841	5327	57797	-64229943.552	-62104704.213
run94	62973	26368	431654	0.1648051	4852	53650	-64228573.460	-62104704.213
run95	64732	35205	424351	0.1341106	5961	59000	-64234783.953	-62104704.213
run96	61151	32196	435182	0.1474354	5724	52030	-64230844.687	-62104704.213
run97	65064	31605	444790	0.1454998	5920	55849	-64225003.190	-62104704.213
run98	58334	22672	459006	0.1588881	4454	50732	-64224489.715	-62104704.213
run99	62581	24617	471557	0.1664802	4450	55695	-64228660.063	-62104704.213
run100	63795	39822	472550	0.1421457	7373	52873	-64235311.306	-62104704.213
