Run	N_CMC	N_CME	N_CMS	MIG_C2E	MIG_E2C	DIV13	DIV03	DIV32	MaxEstLhood	MaxObsLhood
run1	22350	3934	459976	6.33132e-04	1.10196e-04	1799	63722	64930	-63102834.694	-62104704.213
run2	19874	3629	476454	7.28836e-04	1.30591e-04	1584	60190	67063	-63094594.519	-62104704.213
run3	20308	2952	483647	8.43196e-04	1.31410e-04	1406	60144	68108	-63089445.196	-62104704.213
run4	22858	5026	498052	5.14392e-04	9.21707e-05	2260	64670	70559	-63119868.653	-62104704.213
run5	21126	3893	477150	6.31628e-04	1.07264e-04	1766	64226	66524	-63102581.870	-62104704.213
run6	19047	3418	482909	7.34707e-04	1.30166e-04	1588	58659	68299	-63094534.530	-62104704.213
run7	22232	4091	468665	6.07267e-04	1.00464e-04	1835	62346	69197	-63107346.907	-62104704.213
run8	22333	5685	500357	4.23918e-04	8.69260e-05	2579	68270	69652	-63142630.076	-62104704.213
run9	19377	3115	471273	8.31828e-04	1.36698e-04	1435	56688	68003	-63086782.481	-62104704.213
run10	18625	2851	488970	8.50181e-04	1.41190e-04	1337	53554	69257	-63084464.924	-62104704.213
run11	21014	3263	469538	7.54162e-04	1.19605e-04	1538	57612	70889	-63094300.761	-62104704.213
run12	19537	2887	471129	9.22906e-04	1.49134e-04	1305	54758	64756	-63082517.878	-62104704.213
run13	22038	4360	485342	5.61819e-04	1.04302e-04	1992	68596	69785	-63110880.713	-62104704.213
run14	19707	3439	468007	7.03073e-04	1.23833e-04	1589	58229	68404	-63092741.550	-62104704.213
run15	18291	2776	472986	8.79348e-04	1.47305e-04	1323	53262	69508	-63083101.190	-62104704.213
run16	16938	2684	447335	9.37798e-04	1.56429e-04	1235	48738	67301	-63073836.954	-62104704.213
run17	20512	3364	472021	7.48668e-04	1.23294e-04	1532	58898	65454	-63092403.320	-62104704.213
run18	18366	3345	470320	7.77828e-04	1.34177e-04	1524	57378	65133	-63091107.047	-62104704.213
run19	19703	3088	465022	7.92113e-04	1.43081e-04	1440	61699	63431	-63090565.716	-62104704.213
run20	18791	3346	459751	7.57396e-04	1.37461e-04	1472	57072	67296	-63089396.931	-62104704.213
run21	18329	3211	485253	8.17223e-04	1.44382e-04	1440	59426	71164	-63090666.402	-62104704.213
run22	20223	3420	478228	7.50798e-04	1.36037e-04	1521	58511	65672	-63094831.428	-62104704.213
run23	30633	14881	497954	1.73661e-04	3.71231e-05	6364	73877	76564	-63342530.253	-62104704.213
run24	14008	2307	467308	0.0010737	1.87107e-04	1067	42391	69446	-63071736.403	-62104704.213
run25	18673	3062	502686	8.07724e-04	1.42822e-04	1455	56069	66036	-63090446.192	-62104704.213
run26	27461	9949	524932	2.80092e-04	5.52939e-05	4157	77275	79878	-63234608.868	-62104704.213
run27	19745	3089	458072	7.98165e-04	1.32747e-04	1439	55886	65357	-63088302.498	-62104704.213
run28	17934	2865	464408	8.98513e-04	1.51640e-04	1293	58345	66340	-63084163.164	-62104704.213
run29	20239	3364	464486	7.90330e-04	1.26666e-04	1476	66627	67718	-63097119.500	-62104704.213
run30	19602	3341	496399	7.61657e-04	1.31804e-04	1512	59397	67628	-63092537.620	-62104704.213
run31	17817	2834	442192	8.63477e-04	1.45554e-04	1306	50143	65205	-63079057.141	-62104704.213
run32	19040	3434	477603	7.40714e-04	1.27426e-04	1501	55008	67763	-63090206.968	-62104704.213
run33	20518	3143	478846	8.19081e-04	1.35931e-04	1464	60307	68368	-63091070.398	-62104704.213
run34	19208	3304	466362	8.14749e-04	1.40579e-04	1449	58214	69460	-63088867.178	-62104704.213
run35	23361	5296	499580	4.80487e-04	8.60395e-05	2294	70227	71814	-63129138.988	-62104704.213
run36	20386	3363	461112	7.63870e-04	1.30201e-04	1542	61655	67633	-63093156.543	-62104704.213
run37	492210	2227	410635	7.16921e-04	2.72443e-04	27927	36889	63698	-64755113.055	-62104704.213
run38	17415	2935	464604	8.90369e-04	1.48866e-04	1330	49482	70556	-63082400.807	-62104704.213
run39	17990	2897	476492	9.22977e-04	1.50688e-04	1252	51792	68822	-63082119.257	-62104704.213
run40	19174	3040	500849	8.50269e-04	1.38141e-04	1339	54216	66894	-63087792.007	-62104704.213
run41	19466	2978	465337	8.38983e-04	1.34735e-04	1390	57677	67714	-63086878.147	-62104704.213
run42	20641	3259	462860	8.19233e-04	1.37725e-04	1446	57048	66105	-63089899.334	-62104704.213
run43	21329	4485	494393	5.61111e-04	9.89253e-05	2072	62389	71263	-63113433.325	-62104704.213
run44	20438	3493	474863	7.51563e-04	1.24459e-04	1568	60895	68622	-63092699.853	-62104704.213
run45	19354	3879	471410	6.76428e-04	1.15600e-04	1725	56664	69942	-63096526.617	-62104704.213
run46	17214	3160	485843	8.20240e-04	1.40247e-04	1419	50759	67839	-63084679.513	-62104704.213
run47	10071	1407	445548	0.0019362	3.12874e-04	635	26355	73180	-63056195.225	-62104704.213
run48	20118	2955	487712	8.28493e-04	1.35879e-04	1393	59087	69197	-63090047.238	-62104704.213
run49	19147	3266	469005	8.48712e-04	1.42916e-04	1407	56311	63197	-63092184.399	-62104704.213
run50	442148	1576	470881	0.0010678	3.95104e-04	19518	26963	70541	-64744225.669	-62104704.213
run51	25546	8400	492201	3.05102e-04	5.53100e-05	3727	74739	80185	-63209483.070	-62104704.213
run52	17731	2913	467747	8.39587e-04	1.48765e-04	1361	51435	64087	-63084970.771	-62104704.213
run53	19937	3303	479344	7.68424e-04	1.24826e-04	1544	54259	66253	-63092215.396	-62104704.213
run54	12031	1668	456793	0.0015587	2.58004e-04	739	31759	70390	-63058570.421	-62104704.213
run55	21152	3826	487823	6.87393e-04	1.14620e-04	1696	59560	65675	-63099315.310	-62104704.213
run56	14564	2412	484622	0.0010346	1.80326e-04	1100	41384	71053	-63069060.037	-62104704.213
run57	20897	3995	446080	6.58211e-04	1.10080e-04	1762	59660	63169	-63100894.732	-62104704.213
run58	19455	2987	465926	8.41833e-04	1.37841e-04	1367	56018	70267	-63086284.901	-62104704.213
run59	20151	3574	530090	6.88154e-04	1.18494e-04	1681	60593	67613	-63102959.003	-62104704.213
run60	1089	281685	429818	4.77889e-04	0.0011827	11813	12129	67171	-64031325.730	-62104704.213
run61	18822	3213	474318	7.80857e-04	1.31038e-04	1500	57682	70785	-63087913.947	-62104704.213
run62	394851	2550	419152	6.41079e-04	2.83323e-04	26059	31783	63702	-64753419.717	-62104704.213
run63	18223	2738	474657	9.86373e-04	1.54324e-04	1191	48364	68691	-63082093.227	-62104704.213
run64	22155	4546	479053	5.14878e-04	9.34232e-05	2192	67330	70064	-63117732.789	-62104704.213
run65	1060	251184	412887	5.52096e-04	0.0012584	9231	51321	63379	-64033983.357	-62104704.213
run66	18533	3251	465943	7.87873e-04	1.38352e-04	1496	54867	70880	-63089688.237	-62104704.213
run67	19334	3040	465974	7.67044e-04	1.29025e-04	1408	56472	66519	-63089689.445	-62104704.213
run68	20095	3350	490464	7.82360e-04	1.26686e-04	1539	61791	69803	-63096192.449	-62104704.213
run69	21240	3714	479344	6.83129e-04	1.11060e-04	1665	62117	64652	-63093985.783	-62104704.213
run70	19555	2795	486515	9.26002e-04	1.46148e-04	1304	54937	68005	-63082555.488	-62104704.213
run71	19415	3620	504503	6.81657e-04	1.23656e-04	1683	60837	73570	-63097845.071	-62104704.213
run72	18883	2890	450790	9.00237e-04	1.47671e-04	1331	54928	69670	-63082958.521	-62104704.213
run73	23110	6122	503431	4.17238e-04	8.13956e-05	2706	69221	73531	-63147426.777	-62104704.213
run74	20679	3218	517794	7.55724e-04	1.36179e-04	1486	63279	66074	-63099345.932	-62104704.213
run75	19995	3146	433440	8.05368e-04	1.32824e-04	1427	61406	65801	-63089369.482	-62104704.213
run76	22457	3347	480718	7.35948e-04	1.18669e-04	1598	63149	68800	-63095655.887	-62104704.213
run77	19061	3075	476605	7.85247e-04	1.35553e-04	1449	58297	62088	-63087862.863	-62104704.213
run78	15990	2348	483654	0.0010953	1.84936e-04	1078	41492	67809	-63071989.199	-62104704.213
run79	18631	3194	482218	7.88274e-04	1.37745e-04	1467	59775	67375	-63088273.521	-62104704.213
run80	21841	5660	499544	4.56592e-04	8.91934e-05	2509	68429	71534	-63136077.018	-62104704.213
run81	400306	2324	438060	6.77471e-04	2.63416e-04	26668	34559	60593	-64759669.756	-62104704.213
run82	17605	3068	478446	7.95531e-04	1.38642e-04	1454	50915	71037	-63082292.633	-62104704.213
run83	20630	3730	515601	6.55564e-04	1.13333e-04	1776	61443	65902	-63101970.822	-62104704.213
run84	19133	3304	484469	8.01022e-04	1.33727e-04	1481	54329	67437	-63088914.078	-62104704.213
run85	18803	2755	449336	9.08928e-04	1.50883e-04	1285	52375	70645	-63082160.460	-62104704.213
run86	21594	4877	482005	4.88357e-04	9.31133e-05	2320	67758	69749	-63123408.783	-62104704.213
run87	21143	3357	454581	7.36011e-04	1.19583e-04	1558	61595	66998	-63091688.770	-62104704.213
run88	488919	3477	465995	4.46015e-04	1.94957e-04	35796	43854	69183	-64783848.109	-62104704.213
run89	19989	3803	461309	7.00060e-04	1.16700e-04	1670	59729	63084	-63098112.777	-62104704.213
run90	409093	1860	449933	8.68524e-04	3.36790e-04	21901	23028	68759	-64745174.786	-62104704.213
run91	21300	3317	465040	7.61910e-04	1.20069e-04	1535	58737	68915	-63093356.643	-62104704.213
run92	21272	3431	466883	7.43550e-04	1.22192e-04	1559	60580	69080	-63092006.661	-62104704.213
run93	27343	7512	496479	3.24980e-04	5.63319e-05	3297	72600	74507	-63192096.389	-62104704.213
run94	545665	1411	403032	0.0013119	4.28925e-04	19982	29316	63464	-64746995.933	-62104704.213
run95	19886	3032	473052	8.32013e-04	1.37526e-04	1434	55930	66298	-63088945.688	-62104704.213
run96	19383	3143	436630	7.93664e-04	1.34936e-04	1463	55641	65613	-63088609.443	-62104704.213
run97	24585	5120	491092	5.13786e-04	8.28151e-05	2320	72162	75479	-63130526.975	-62104704.213
run98	20913	3765	486446	6.88384e-04	1.18381e-04	1668	68119	70814	-63100593.232	-62104704.213
run99	25149	8000	487111	3.22567e-04	6.32476e-05	3631	78191	79638	-63191219.794	-62104704.213
run100	19190	3768	483491	7.00064e-04	1.24453e-04	1618	58493	65106	-63095878.235	-62104704.213
