Run	N_CMC	N_CME	N_CMS	MIG_C2E	MIG_E2C	MIG_S2C	MIG_S2E	MIG_G2C	MIG_G2E	DIV13	DIV03	DIV32	MaxEstLhood	MaxObsLhood
run1	1072	1353	351124	0.0014317	2.62722e-04	1.44407e-04	1.64059e-04	2.75575e-05	2.39198e-05	36647	146881	535917	-63162286.918	-62104704.213
run2	1609	2029	342329	0.0010143	1.49973e-04	1.03482e-04	1.17336e-04	1.71400e-05	1.33222e-05	57654	192088	587240	-63162462.445	-62104704.213
run3	1881	1427	351865	0.0012889	1.54366e-04	8.01313e-05	1.82942e-04	1.79130e-05	2.28576e-05	61988	150335	513674	-63161770.903	-62104704.213
run4	1993	4526	351896	5.30683e-04	1.40411e-04	8.45446e-05	3.98404e-05	1.58525e-05	4.45110e-06	65593	419034	498308	-63168029.211	-62104704.213
run5	1667	1212	347461	0.0013528	1.75852e-04	1.03543e-04	1.90870e-04	1.66739e-05	2.44301e-05	63289	129809	599224	-63161868.975	-62104704.213
run6	7544	1179	338211	0.0011589	2.90358e-05	2.36519e-05	2.15628e-04	2.84289e-06	2.77164e-05	191889	386220	549998	-63166708.714	-62104704.213
run7	2664	8550	342222	3.46247e-04	9.98455e-05	7.38125e-05	1.07925e-05	8.81361e-06	1.87784e-06	86809	279956	585133	-63182311.241	-62104704.213
run8	14799	2935	464851	5.01758e-04	4.74034e-05	1.31414e-05	7.16024e-05	1.39980e-05	3.00270e-05	2921	88866	91262	-62971412.202	-62104704.213
run9	1175	7661	340861	3.98025e-07	8.76975e-04	4.58035e-05	4.09730e-05	2.66099e-05	4.09757e-06	111516	401325	531389	-63257808.596	-62104704.213
run10	2124	4671	337237	6.18088e-04	1.19401e-04	8.08323e-05	4.36284e-05	1.28490e-05	4.08331e-06	80704	112606	587629	-63166784.702	-62104704.213
run11	2846	7454	348282	3.99119e-04	9.91917e-05	6.31528e-05	2.08037e-05	8.35817e-06	2.79323e-06	89646	387655	563940	-63172805.717	-62104704.213
run12	5005	2350	349790	6.72191e-04	5.19226e-05	3.54359e-05	9.68329e-05	4.75049e-06	1.44435e-05	143945	229395	623142	-63163872.218	-62104704.213
run13	1078	6451	352832	5.68933e-07	9.57899e-04	5.92627e-05	4.69665e-05	2.93343e-05	6.12374e-06	107155	354220	519538	-63260995.869	-62104704.213
run14	6044	5727	335973	2.94094e-04	4.21605e-05	2.92373e-05	3.60552e-05	3.43789e-06	4.63729e-06	196506	410721	621308	-63169188.868	-62104704.213
run15	14831	1328	443332	0.0011287	1.27098e-04	1.43178e-05	1.56280e-04	5.13977e-06	1.12690e-04	1431	43627	87542	-62935321.477	-62104704.213
run16	14297	1802	471163	8.74064e-04	9.41418e-05	1.00685e-05	1.00478e-04	1.37768e-05	6.92386e-05	1661	42674	83393	-62943805.287	-62104704.213
run17	2136	3293	344009	6.66511e-04	1.59659e-04	7.41456e-05	6.00669e-05	1.44131e-05	9.26202e-06	73884	495312	510530	-63163888.337	-62104704.213
run18	1383	1224	344805	0.0014307	1.69201e-04	1.22659e-04	1.84261e-04	2.37543e-05	2.59323e-05	79889	135936	519386	-63160237.185	-62104704.213
run19	7784	1239	339916	0.0011208	2.97374e-05	2.40018e-05	2.01888e-04	2.40621e-06	2.30758e-05	224592	413900	629760	-63164722.944	-62104704.213
run20	1202	2120	348598	0.0010845	1.83337e-04	1.45341e-04	8.64280e-05	3.02704e-05	1.66227e-05	59814	419217	453153	-63160640.651	-62104704.213
run21	1884	2077	341091	8.39382e-04	1.63550e-04	8.54444e-05	1.07632e-04	1.55660e-05	1.29387e-05	59545	520662	526263	-63162212.024	-62104704.213
run22	5353	5653	330662	3.45801e-04	4.45304e-05	3.39844e-05	3.98899e-05	3.87573e-06	3.66898e-06	130624	412584	587575	-63170343.036	-62104704.213
run23	1076	1577	354277	0.0012046	2.81489e-04	1.49109e-04	1.40092e-04	2.95391e-05	1.81162e-05	39343	140966	507544	-63163884.617	-62104704.213
run24	4910	1534	338485	9.17471e-04	6.98673e-05	3.55667e-05	1.50872e-04	4.27599e-06	2.11082e-05	137292	298969	593936	-63163696.463	-62104704.213
run25	1112	1271	356418	0.0015920	2.49760e-04	1.45577e-04	1.80561e-04	3.01727e-05	2.16530e-05	80722	415871	511811	-63163397.347	-62104704.213
run26	1184	9512	338677	3.43298e-07	8.01949e-04	4.00397e-05	3.40190e-05	2.45685e-05	3.22254e-06	145728	429289	599917	-63254252.286	-62104704.213
run27	1672	5551	348439	5.96743e-04	1.43461e-04	1.03933e-04	2.61575e-05	1.66698e-05	2.32547e-06	65675	102615	569346	-63170249.281	-62104704.213
run28	1024	6278	341187	9.81243e-08	9.15395e-04	5.72551e-05	5.03787e-05	3.09339e-05	4.76493e-06	109305	175628	650616	-63264294.506	-62104704.213
run29	1824	1542	336769	0.0011596	1.96235e-04	7.90141e-05	1.74381e-04	1.75647e-05	1.45326e-05	76437	182347	560227	-63163401.466	-62104704.213
run30	1102	10285	340909	4.71072e-07	8.18562e-04	6.00433e-05	3.30478e-05	2.34479e-05	2.18074e-06	149212	330877	704785	-63252948.539	-62104704.213
run31	1179	7584	340939	1.25781e-06	8.04585e-04	4.45990e-05	4.21811e-05	2.70606e-05	3.60900e-06	113378	123810	631976	-63261761.121	-62104704.213
run32	1320	1882	347915	0.0010981	1.73601e-04	1.29752e-04	1.07236e-04	2.45080e-05	1.54512e-05	69793	145202	527918	-63163176.110	-62104704.213
run33	14011	1601	450156	9.27595e-04	1.03380e-04	1.19730e-05	1.28774e-04	9.54738e-06	8.81713e-05	1705	42301	87894	-62937594.629	-62104704.213
run34	4591	6157	336256	3.16344e-04	4.39963e-05	4.23993e-05	3.30052e-05	4.66330e-06	3.42598e-06	131109	291606	660323	-63170713.560	-62104704.213
run35	1560	1707	355903	0.0010495	1.66385e-04	1.07187e-04	1.33852e-04	1.73901e-05	1.64954e-05	64941	245754	576292	-63162949.357	-62104704.213
run36	1128	1230	361975	0.0016352	1.70275e-04	1.55955e-04	1.58794e-04	3.20953e-05	3.17522e-05	28606	358715	469107	-63163759.497	-62104704.213
run37	1030	6431	332211	1.86267e-07	0.0010151	6.47760e-05	4.91077e-05	2.86370e-05	4.59782e-06	111885	276942	653837	-63260593.405	-62104704.213
run38	1276	2009	346599	0.0010748	1.98250e-04	1.27679e-04	1.02767e-04	2.69685e-05	1.57152e-05	79347	400056	482567	-63164221.331	-62104704.213
run39	1595	3128	336720	7.61116e-04	1.68054e-04	1.01320e-04	5.74341e-05	1.98842e-05	7.62113e-06	69565	88576	554081	-63164584.382	-62104704.213
run40	1130	1234	355446	0.0016612	2.39782e-04	1.53150e-04	1.64041e-04	3.08132e-05	3.08050e-05	40732	369452	468505	-63162325.898	-62104704.213
run41	1992	4446	336026	5.32596e-04	1.07775e-04	8.53370e-05	4.31127e-05	1.32639e-05	4.77785e-06	70267	144949	560710	-63170566.925	-62104704.213
run42	1212	13262	340477	1.28248e-07	7.05098e-04	4.77097e-05	2.58397e-05	2.19192e-05	1.74760e-06	195519	357716	603744	-63252710.101	-62104704.213
run43	1059	12988	332935	1.28379e-06	8.65929e-04	5.93444e-05	2.61953e-05	2.45863e-05	1.64102e-06	190672	223679	609881	-63247104.870	-62104704.213
run44	2235	3067	336546	6.95675e-04	1.07275e-04	7.93279e-05	7.21261e-05	1.24466e-05	7.61842e-06	76205	140282	607690	-63164817.796	-62104704.213
run45	1175	5884	358519	7.94672e-04	2.58127e-04	1.35823e-04	2.49609e-05	2.70159e-05	8.32907e-07	45398	188657	497599	-63177300.068	-62104704.213
run46	1075	12409	335217	4.05843e-07	8.02312e-04	6.26209e-05	2.75947e-05	2.48611e-05	1.79695e-06	165213	412469	608053	-63248708.676	-62104704.213
run47	1325	1094	351501	0.0016491	1.90410e-04	1.31953e-04	1.98959e-04	2.65911e-05	3.53137e-05	47551	192577	469097	-63158285.587	-62104704.213
run48	1564	1935	343524	0.0010312	1.80481e-04	1.06849e-04	1.14785e-04	1.78883e-05	1.49707e-05	48465	375000	527386	-63159141.040	-62104704.213
run49	1029	8613	334996	1.22433e-07	8.68946e-04	5.91644e-05	3.79803e-05	2.44021e-05	3.52471e-06	125031	203527	626375	-63254233.110	-62104704.213
run50	1897	4802	345446	5.41996e-04	1.42764e-04	8.45587e-05	4.14654e-05	1.60403e-05	3.59985e-06	66938	386149	536511	-63168600.055	-62104704.213
run51	1036	6063	346085	2.19801e-07	9.91479e-04	5.54045e-05	5.19280e-05	3.01990e-05	5.18499e-06	74838	131158	579577	-63260471.899	-62104704.213
run52	1052	8860	343023	1.64202e-07	8.71328e-04	4.39095e-05	3.77041e-05	3.64902e-05	3.30370e-06	114147	258372	515723	-63253312.394	-62104704.213
run53	1086	1317	348573	0.0015427	2.80803e-04	1.50399e-04	1.65845e-04	3.18005e-05	2.60808e-05	38953	209475	463600	-63161853.999	-62104704.213
run54	3436	1985	345194	8.65820e-04	6.24225e-05	5.26040e-05	1.11335e-04	7.77905e-06	1.75097e-05	98796	146397	531367	-63158160.441	-62104704.213
run55	6226	3510	334930	4.75310e-04	3.61136e-05	3.04960e-05	6.26162e-05	3.48523e-06	7.51739e-06	146938	233776	586747	-63165767.059	-62104704.213
run56	1722	3388	349159	6.90819e-04	1.55750e-04	9.85592e-05	5.48413e-05	1.84084e-05	9.39757e-06	91575	161783	469413	-63164381.848	-62104704.213
run57	2534	2405	348484	7.36964e-04	1.06654e-04	6.84734e-05	9.57526e-05	1.21332e-05	1.45890e-05	108178	164336	520148	-63160909.542	-62104704.213
run58	3843	4070	343828	4.99021e-04	5.85878e-05	4.67249e-05	5.22393e-05	7.00931e-06	6.44731e-06	124744	171722	558970	-63163806.191	-62104704.213
run59	1862	1792	353066	9.90536e-04	1.77959e-04	8.21839e-05	1.14165e-04	1.68726e-05	1.86415e-05	66356	386174	458987	-63160754.422	-62104704.213
run60	1338	1755	358207	0.0011545	2.04044e-04	1.29684e-04	1.04617e-04	2.71985e-05	2.20912e-05	79019	313318	452394	-63163784.298	-62104704.213
run61	2358	3499	348092	6.56690e-04	8.68062e-05	7.98947e-05	5.99790e-05	1.30579e-05	8.38203e-06	76256	159061	526112	-63164888.453	-62104704.213
run62	1102	1137	351633	0.0015976	2.05714e-04	1.58530e-04	1.85428e-04	3.04035e-05	3.04713e-05	56852	437680	507368	-63160694.476	-62104704.213
run63	1102	1155	343823	0.0015968	2.47091e-04	1.42240e-04	2.29307e-04	2.70808e-05	2.34710e-05	58465	107405	592496	-63161855.175	-62104704.213
run64	1759	3811	343860	6.46911e-04	1.48873e-04	9.46681e-05	4.91709e-05	1.78792e-05	5.87625e-06	53806	176385	538189	-63166816.514	-62104704.213
run65	4820	1653	339816	8.88529e-04	4.17258e-05	3.89390e-05	1.46151e-04	4.50724e-06	2.15775e-05	141409	202963	605695	-63164459.774	-62104704.213
run66	6222	1204	338460	0.0011715	4.67167e-05	2.78209e-05	2.09780e-04	4.03263e-06	2.94986e-05	164320	183054	534575	-63162524.651	-62104704.213
run67	15541	1584	472635	9.52430e-04	1.08414e-04	8.27657e-06	1.12743e-04	9.68495e-06	6.44944e-05	1486	47555	85030	-62941594.958	-62104704.213
run68	1063	1571	345315	0.0012929	2.27267e-04	1.58849e-04	1.28542e-04	3.01123e-05	1.87895e-05	70447	437190	532137	-63162286.836	-62104704.213
run69	1140	2723	353315	0.0010405	2.29019e-04	1.52029e-04	6.11973e-05	2.49021e-05	9.50978e-06	44010	85840	552937	-63165954.926	-62104704.213
run70	1107	1106	346047	0.0017683	2.51519e-04	1.43113e-04	2.15645e-04	3.06149e-05	3.24983e-05	44724	78749	507015	-63160808.812	-62104704.213
run71	4098	1313	343910	0.0010808	7.29843e-05	4.30422e-05	1.84897e-04	6.57518e-06	2.37655e-05	86782	243447	592562	-63163493.228	-62104704.213
run72	1198	10873	340783	1.77362e-07	7.20485e-04	5.29419e-05	3.00728e-05	2.65883e-05	2.10533e-06	162702	519441	577286	-63252209.719	-62104704.213
run73	1881	2543	349033	8.31930e-04	1.33062e-04	8.94104e-05	8.47208e-05	1.80651e-05	1.15746e-05	65982	432396	458757	-63162324.122	-62104704.213
run74	1764	1260	341890	0.0013845	1.58733e-04	9.60285e-05	1.93368e-04	1.54752e-05	2.14634e-05	46455	128537	594474	-63161336.542	-62104704.213
run75	2472	6581	326808	4.45713e-04	1.00630e-04	7.59581e-05	2.13211e-05	1.03855e-05	1.91917e-06	94271	229676	630519	-63173097.518	-62104704.213
run76	1752	1514	344969	0.0011859	1.80875e-04	8.98721e-05	1.56463e-04	1.61011e-05	2.26550e-05	101783	518807	568469	-63159874.136	-62104704.213
run77	1242	1132	346306	0.0015427	2.08819e-04	1.42611e-04	1.89441e-04	2.74875e-05	3.01648e-05	67106	190194	533619	-63161348.194	-62104704.213
run78	1924	5974	342382	4.92649e-04	1.11131e-04	9.36326e-05	2.55481e-05	1.33429e-05	3.11742e-06	71128	253812	612399	-63171476.297	-62104704.213
run79	1712	1271	341171	0.0013274	1.71924e-04	9.60922e-05	1.78537e-04	2.07509e-05	3.08893e-05	63879	172474	443235	-63161142.328	-62104704.213
run80	18301	2032	474791	7.10601e-04	6.33638e-05	1.42210e-05	1.16879e-04	7.26169e-06	5.69864e-05	2294	59845	89944	-62957462.545	-62104704.213
run81	1284	1344	343476	0.0014937	2.02500e-04	1.33528e-04	1.64026e-04	2.47550e-05	2.22841e-05	51881	125580	553929	-63161756.838	-62104704.213
run82	4558	1520	343204	9.29481e-04	7.25559e-05	3.45784e-05	1.69533e-04	4.65626e-06	2.00150e-05	138374	433538	637420	-63164015.663	-62104704.213
run83	5226	5264	343412	3.50136e-04	5.60091e-05	3.12774e-05	4.97366e-05	4.52728e-06	4.73460e-06	130282	452662	518077	-63169101.532	-62104704.213
run84	2583	9809	339690	3.64917e-04	1.12972e-04	7.12980e-05	1.33539e-05	8.93656e-06	7.72345e-07	108385	136909	650952	-63178385.863	-62104704.213
run85	1052	1250	362265	0.0015050	2.71281e-04	1.58444e-04	1.83752e-04	3.26247e-05	2.26531e-05	48792	84686	485737	-63161582.415	-62104704.213
run86	1045	9599	338117	1.08314e-05	8.63440e-04	5.25969e-05	3.48298e-05	2.27984e-05	2.37853e-06	155156	443436	689592	-63251362.117	-62104704.213
run87	1913	6817	344987	5.09322e-04	1.49725e-04	8.66004e-05	1.70598e-05	1.30237e-05	2.87251e-06	110864	286648	627636	-63176846.796	-62104704.213
run88	12120	1822	448246	8.51103e-04	7.98867e-05	1.91444e-05	1.24055e-04	1.70445e-05	4.03861e-05	1675	38652	91310	-62941052.568	-62104704.213
run89	1119	5567	348337	6.83577e-04	2.68872e-04	1.37426e-04	2.35890e-05	2.70334e-05	7.67309e-07	86518	203773	562734	-63175179.906	-62104704.213
run90	1750	3698	342055	7.21961e-04	1.53187e-04	1.03461e-04	4.51016e-05	1.68680e-05	5.78388e-06	61053	137059	559839	-63164319.937	-62104704.213
run91	1100	10525	337772	1.41934e-07	8.43456e-04	6.32407e-05	3.05439e-05	2.38530e-05	1.90198e-06	168676	284387	677471	-63250710.895	-62104704.213
run92	1737	4979	347289	5.95729e-04	1.63227e-04	9.05423e-05	3.58981e-05	1.62649e-05	3.33622e-06	81267	218244	581942	-63168747.834	-62104704.213
run93	1307	2803	348890	9.00861e-04	2.42182e-04	1.24931e-04	6.26010e-05	2.17371e-05	8.38214e-06	68097	181752	574499	-63165839.074	-62104704.213
run94	2260	2755	348355	7.60019e-04	9.82430e-05	7.32438e-05	8.36249e-05	1.28150e-05	1.05080e-05	75567	203762	555809	-63162599.289	-62104704.213
run95	1239	14258	335863	2.60072e-07	7.62248e-04	4.06990e-05	2.39407e-05	2.11755e-05	1.30022e-06	192668	396410	666023	-63254994.924	-62104704.213
run96	6568	1775	327572	7.67548e-04	4.10224e-05	2.62461e-05	1.44476e-04	3.43480e-06	1.67564e-05	180088	379252	597236	-63164281.774	-62104704.213
run97	1032	11233	341839	3.37055e-06	7.84658e-04	5.90215e-05	2.87845e-05	2.99434e-05	2.13988e-06	159161	478640	579698	-63247937.283	-62104704.213
run98	1982	3637	339796	6.43456e-04	1.63991e-04	8.13287e-05	5.97748e-05	1.38880e-05	6.62005e-06	68453	114111	574189	-63163079.740	-62104704.213
run99	6729	1963	328858	7.39976e-04	3.83362e-05	2.61513e-05	1.35837e-04	2.81665e-06	1.32525e-05	198440	279091	667696	-63164194.648	-62104704.213
run100	1022	10188	337317	1.05042e-07	7.75341e-04	6.16402e-05	3.35332e-05	2.83034e-05	2.42408e-06	131702	288381	615187	-63252026.080	-62104704.213
