Run	N_CMC	N_CME	N_CMS	DIV02	DIV12	MaxEstLhood	MaxObsLhood
run1	42706	53987	300107	28453	28987	-64821539.277	-62104704.213
run2	43484	54460	418029	29302	30036	-64824225.721	-62104704.213
run3	42340	56467	370321	28625	29424	-64825520.641	-62104704.213
run4	40624	53096	371364	27210	27512	-64819392.616	-62104704.213
run5	40258	55198	347000	27213	29139	-64820489.782	-62104704.213
run6	40686	53307	332838	26979	29057	-64822088.707	-62104704.213
run7	44121	55347	323947	29493	29813	-64821957.639	-62104704.213
run8	41318	54876	379440	27106	28027	-64825217.100	-62104704.213
run9	45064	58183	395208	30082	30673	-64821529.533	-62104704.213
run10	41222	53199	379953	28222	28599	-64821778.968	-62104704.213
run11	41011	49774	427715	27368	27830	-64826503.951	-62104704.213
run12	41854	55669	391693	27946	29160	-64823431.891	-62104704.213
run13	42690	57672	361678	28703	29197	-64820377.158	-62104704.213
run14	41788	54949	348283	27576	28823	-64819929.521	-62104704.213
run15	39913	53589	380197	27615	28251	-64820604.315	-62104704.213
run16	41508	51728	304492	27005	27332	-64820091.045	-62104704.213
run17	42575	51485	379201	27060	27445	-64821496.219	-62104704.213
run18	41885	54436	394912	28070	28611	-64823617.291	-62104704.213
run19	44083	58065	362833	29728	30960	-64820995.303	-62104704.213
run20	41707	52411	341391	27340	28527	-64819390.755	-62104704.213
run21	36945	46755	350189	24854	25588	-64823423.664	-62104704.213
run22	43721	53997	407262	28693	28987	-64826173.572	-62104704.213
run23	42527	56443	404002	29203	30124	-64820967.681	-62104704.213
run24	37374	49346	277089	25034	25729	-64825958.468	-62104704.213
run25	39904	57102	366926	27180	29673	-64822542.018	-62104704.213
run26	43478	57494	433690	29027	30702	-64828351.338	-62104704.213
run27	43252	58706	384199	29372	30164	-64822928.642	-62104704.213
run28	40250	52629	301399	26700	27611	-64822615.093	-62104704.213
run29	41855	51578	400291	28134	28592	-64821405.581	-62104704.213
run30	41415	56417	468746	29351	30242	-64829842.225	-62104704.213
run31	40524	53339	303385	27992	28360	-64822740.576	-62104704.213
run32	37762	46425	300558	24318	25095	-64822105.677	-62104704.213
run33	41709	53859	325600	27926	28452	-64818693.018	-62104704.213
run34	40669	52779	404771	27111	27604	-64822475.335	-62104704.213
run35	38425	49455	360052	26118	26604	-64820205.224	-62104704.213
run36	40658	52907	343642	27580	27926	-64819014.976	-62104704.213
run37	43928	55472	410520	29294	29940	-64824990.252	-62104704.213
run38	42868	55724	388720	28485	28807	-64819129.526	-62104704.213
run39	46087	57738	351311	29068	29602	-64822468.997	-62104704.213
run40	42774	51904	347538	28168	28581	-64819773.332	-62104704.213
run41	41568	54619	347700	28144	28793	-64820596.892	-62104704.213
run42	43443	57182	394501	29196	30189	-64823051.371	-62104704.213
run43	39802	50376	295359	26617	27306	-64823349.479	-62104704.213
run44	39533	50884	302031	26416	26823	-64819985.723	-62104704.213
run45	42987	56146	335474	28365	28934	-64822320.590	-62104704.213
run46	42091	53496	313187	27790	28244	-64823420.427	-62104704.213
run47	42295	53403	328573	27537	28120	-64821602.113	-62104704.213
run48	42330	51932	349484	27677	28209	-64822727.056	-62104704.213
run49	40937	56681	356641	28118	29683	-64823156.815	-62104704.213
run50	39392	51797	288328	25927	26525	-64825198.823	-62104704.213
run51	43331	53354	317894	27919	28567	-64820795.878	-62104704.213
run52	40938	50741	334014	27624	27960	-64816367.418	-62104704.213
run53	39165	52886	430354	26103	27996	-64825479.643	-62104704.213
run54	42477	52685	406026	28538	28895	-64818188.789	-62104704.213
run55	42592	52619	370136	28510	29255	-64821760.352	-62104704.213
run56	41929	55346	346315	28154	28864	-64816872.701	-62104704.213
run57	40646	55091	371351	27880	30062	-64819949.920	-62104704.213
run58	41740	54593	349802	28180	28722	-64818927.093	-62104704.213
run59	42275	54521	347690	27735	28612	-64822717.044	-62104704.213
run60	41472	50546	343740	26763	27821	-64821965.308	-62104704.213
run61	44400	58689	338976	29516	29962	-64822668.116	-62104704.213
run62	41033	55231	428435	29311	29626	-64823304.790	-62104704.213
run63	41215	51487	344981	26875	27521	-64818085.347	-62104704.213
run64	41269	56377	319254	28163	29116	-64822740.734	-62104704.213
run65	45074	55324	438405	28858	29490	-64831870.941	-62104704.213
run66	41999	53890	372585	27825	28359	-64819222.768	-62104704.213
run67	39880	50747	363038	26106	26507	-64821394.722	-62104704.213
run68	42122	56395	366255	28652	29193	-64821335.120	-62104704.213
run69	40835	50248	397153	26495	26987	-64820842.447	-62104704.213
run70	43534	55905	427361	30025	30465	-64825703.017	-62104704.213
run71	42772	53754	358305	27385	27902	-64823400.414	-62104704.213
run72	38814	51298	306799	25435	27131	-64823872.348	-62104704.213
run73	44271	58240	381111	30125	30671	-64824824.541	-62104704.213
run74	42282	55552	356927	28071	28941	-64821257.936	-62104704.213
run75	40632	53493	352041	27067	27667	-64819393.350	-62104704.213
run76	43290	54596	437985	28209	29201	-64822912.392	-62104704.213
run77	39706	49850	278876	26609	27306	-64825798.457	-62104704.213
run78	43428	56539	322532	27849	28523	-64820086.595	-62104704.213
run79	46799	57777	375652	31440	32052	-64826919.419	-62104704.213
run80	39062	51368	363816	26740	27863	-64821937.453	-62104704.213
run81	40565	54357	334306	27433	29535	-64820537.624	-62104704.213
run82	41263	54529	417145	28404	29419	-64824532.249	-62104704.213
run83	41224	53296	371554	28350	29074	-64820604.338	-62104704.213
run84	39488	51116	373695	26486	27513	-64822683.422	-62104704.213
run85	41153	52270	436193	28070	28453	-64828112.104	-62104704.213
run86	40046	53511	354747	26090	26903	-64822158.820	-62104704.213
run87	44548	54541	376869	29681	30053	-64820991.758	-62104704.213
run88	41688	54825	385935	28496	29269	-64820049.247	-62104704.213
run89	41776	54260	425192	28829	29497	-64826748.338	-62104704.213
run90	43727	54125	394233	28140	28665	-64823408.628	-62104704.213
run91	40421	51109	347033	27694	28525	-64821696.047	-62104704.213
run92	42933	56341	376652	28679	30212	-64821543.719	-62104704.213
run93	41253	52025	324472	26607	27311	-64822033.438	-62104704.213
run94	42130	54406	332047	27075	28044	-64820811.144	-62104704.213
run95	39755	51898	469198	27633	27992	-64828329.029	-62104704.213
run96	38923	50639	399116	26062	26921	-64821107.943	-62104704.213
run97	39205	48198	314815	25884	26409	-64818155.261	-62104704.213
run98	45383	59284	327822	30087	30645	-64823918.054	-62104704.213
run99	43381	53694	389197	27641	28033	-64821401.125	-62104704.213
run100	44098	57107	370694	28577	30600	-64820745.681	-62104704.213
