Run	N_CMC	N_CME	N_CMS	MIG_C2E	MIG_E2C	MIG_S2C	MIG_S2E	DIV12	DIV02	MaxEstLhood	MaxObsLhood
run1	12287	16184	486322	1.01365e-04	1.49983e-05	2.05314e-05	1.53282e-05	194448	1642191	-63344200.967	-62104704.213
run2	7260	30682	461207	9.31151e-07	1.13232e-04	1.77170e-05	1.17035e-05	133434	147219	-63598446.163	-62104704.213
run3	7493	23059	509239	1.26376e-04	2.88556e-05	3.57699e-05	1.78063e-06	130941	1601788	-63348480.907	-62104704.213
run4	8830	24521	499687	1.09634e-04	1.52305e-05	2.90927e-05	5.31051e-06	148239	1495823	-63346412.906	-62104704.213
run5	8269	26513	546660	1.35037e-04	2.05483e-05	3.24950e-05	1.08793e-06	140806	1402900	-63349330.648	-62104704.213
run6	28155	9125	204698	2.31653e-04	1.34030e-05	1.70897e-05	1.26381e-05	5605	98609	-63146710.829	-62104704.213
run7	27309	1916	392751	7.77448e-04	7.59679e-05	8.62075e-06	1.97364e-04	2169	85536	-63110866.501	-62104704.213
run8	7157	30002	350304	1.34924e-04	2.43249e-05	3.54965e-05	3.21617e-07	37747	176959	-63471261.942	-62104704.213
run9	5547	28115	536884	1.28869e-04	5.02341e-05	4.22858e-05	1.12858e-06	121742	1439014	-63359941.736	-62104704.213
run10	15092	1227	533812	9.34639e-04	2.39076e-05	1.15860e-05	3.13333e-04	175492	477579	-63391238.417	-62104704.213
run11	24381	4219	203116	4.00792e-04	3.35394e-05	1.67710e-05	7.03276e-05	3828	93142	-63108209.338	-62104704.213
run12	9021	19055	520634	1.12801e-04	2.34855e-05	2.66323e-05	1.19263e-05	153072	1364758	-63345993.585	-62104704.213
run13	8926	20049	514825	1.09765e-04	2.57046e-05	2.71201e-05	6.90777e-06	155214	1886131	-63344777.573	-62104704.213
run14	7779	28864	518681	1.07158e-04	2.65421e-05	3.28194e-05	3.16757e-06	136045	1046804	-63346580.851	-62104704.213
run15	28766	1706	334624	8.23249e-04	8.45139e-05	6.45714e-06	2.24958e-04	2121	95377	-63111076.424	-62104704.213
run16	10983	16332	495692	9.99135e-05	2.17092e-05	2.21559e-05	1.24256e-05	166878	1000112	-63343583.333	-62104704.213
run17	27119	6839	210056	2.73548e-04	1.77526e-05	1.73650e-05	3.05253e-05	4838	100137	-63125157.031	-62104704.213
run18	6555	28382	548132	1.32348e-04	3.33007e-05	3.73249e-05	8.29737e-07	142621	1525418	-63348454.032	-62104704.213
run19	9761	17713	497728	1.02615e-04	2.22725e-05	2.52340e-05	1.09918e-05	167216	1833581	-63339823.387	-62104704.213
run20	11817	13200	475997	1.08532e-04	1.18310e-05	2.20706e-05	1.74172e-05	164300	1076752	-63349430.049	-62104704.213
run21	10438	41548	576047	9.03933e-07	6.26705e-05	8.37803e-06	8.19440e-06	75319	1878559	-63358562.303	-62104704.213
run22	5134	22232	574197	1.88139e-04	3.06470e-05	5.02232e-05	1.75572e-07	77722	1097120	-63387361.585	-62104704.213
run23	7409	29333	505773	1.23545e-04	3.20183e-05	3.36664e-05	2.29195e-06	143937	1558693	-63351697.770	-62104704.213
run24	11032	12189	505313	1.06813e-04	2.16433e-05	2.07476e-05	2.21837e-05	149071	1075558	-63346101.160	-62104704.213
run25	28372	10051	204840	2.24087e-04	1.09921e-05	1.51142e-05	1.30070e-05	6001	95626	-63153105.223	-62104704.213
run26	30030	6211	287801	2.91457e-04	2.05322e-05	1.42978e-05	4.13554e-05	4644	94764	-63130531.492	-62104704.213
run27	7014	32658	503867	1.34414e-04	3.65187e-05	3.36912e-05	5.38088e-07	154511	1413740	-63346078.140	-62104704.213
run28	10659	11671	502377	1.22447e-04	1.79980e-05	2.16418e-05	2.38093e-05	163463	1505361	-63347410.000	-62104704.213
run29	12622	12660	484867	9.24586e-05	1.13384e-05	1.97916e-05	2.21497e-05	189125	1769865	-63353274.718	-62104704.213
run30	7104	25249	522495	1.37258e-04	2.69014e-05	3.70148e-05	1.01379e-06	141441	1904705	-63345787.341	-62104704.213
run31	9186	36856	525780	1.46485e-06	6.39057e-05	1.11219e-05	9.14225e-06	72209	1768392	-63357486.927	-62104704.213
run32	8683	39966	547225	1.12464e-06	6.13218e-05	1.27745e-05	7.96004e-06	71547	1782627	-63354752.738	-62104704.213
run33	30305	7433	203489	2.36684e-04	1.58372e-05	1.51564e-05	2.59120e-05	5447	98271	-63136630.030	-62104704.213
run34	6401	28069	550903	1.31837e-04	3.37411e-05	4.06617e-05	2.01481e-07	132413	1916889	-63346018.367	-62104704.213
run35	5449	31866	556406	1.37334e-04	5.15724e-05	4.16529e-05	2.47014e-07	130984	1364803	-63346405.017	-62104704.213
run36	6713	31469	530934	1.19384e-04	4.04680e-05	3.71246e-05	1.13188e-06	139851	1071684	-63346341.997	-62104704.213
run37	10219	16300	506383	9.93719e-05	1.39623e-05	2.57091e-05	1.14263e-05	144503	978261	-63344609.945	-62104704.213
run38	27771	6189	257826	2.99527e-04	1.33549e-05	1.92701e-05	3.69208e-05	4731	103033	-63130089.602	-62104704.213
run39	9472	39101	515550	1.16224e-06	6.93302e-05	9.74015e-06	8.21170e-06	70939	1911252	-63350485.044	-62104704.213
run40	9087	23936	517251	1.01118e-04	1.91064e-05	2.88531e-05	4.35967e-06	153599	1072930	-63349691.378	-62104704.213
run41	6918	24865	494501	1.18777e-04	2.94969e-05	3.61794e-05	2.64615e-06	150389	1804412	-63349212.522	-62104704.213
run42	28729	6145	218948	2.88410e-04	1.98275e-05	1.39869e-05	3.97314e-05	5255	100139	-63133961.034	-62104704.213
run43	27444	1896	290601	7.10399e-04	4.99649e-05	1.31813e-05	2.28890e-04	2907	91687	-63116926.058	-62104704.213
run44	8011	28789	511287	1.12098e-04	1.89980e-05	3.24908e-05	9.86958e-07	113704	972081	-63366170.423	-62104704.213
run45	30005	1808	213048	7.13080e-04	8.41974e-05	3.19913e-06	1.95336e-04	2314	92497	-63109382.746	-62104704.213
run46	9513	43112	517664	9.87425e-07	6.68993e-05	1.05533e-05	6.79755e-06	70482	1830363	-63354500.662	-62104704.213
run47	11236	19885	493417	9.56853e-05	1.52208e-05	2.34133e-05	7.21951e-06	174882	1180924	-63349890.017	-62104704.213
run48	24937	3168	412315	5.70076e-04	5.02257e-05	1.78060e-05	9.44801e-05	2667	86408	-63114752.022	-62104704.213
run49	10657	15742	499992	1.02750e-04	1.33261e-05	2.54571e-05	1.25519e-05	158612	1892119	-63349554.970	-62104704.213
run50	5953	30325	484039	1.42681e-04	4.10124e-05	4.10069e-05	6.59173e-07	132626	1480711	-63346876.445	-62104704.213
run51	26026	2796	410032	5.11995e-04	3.33712e-05	1.98475e-05	1.30187e-04	3124	85521	-63116326.768	-62104704.213
run52	8150	30981	526326	1.13782e-04	3.11408e-05	3.05426e-05	7.68127e-07	176764	1837778	-63353508.138	-62104704.213
run53	25810	3117	230475	5.85718e-04	4.70302e-05	1.70475e-05	9.30583e-05	2539	81859	-63108371.373	-62104704.213
run54	11127	18094	494250	9.71243e-05	1.79822e-05	2.24021e-05	1.11645e-05	167405	851396	-63340829.068	-62104704.213
run55	11969	15242	535071	1.09334e-04	1.56636e-05	2.08854e-05	1.27860e-05	163414	779783	-63347276.007	-62104704.213
run56	8971	23019	523582	1.05272e-04	2.55251e-05	2.68440e-05	7.03595e-06	156216	1110959	-63350915.586	-62104704.213
run57	8676	40869	523303	9.68176e-07	6.96380e-05	1.20459e-05	7.86379e-06	66499	1918375	-63359051.567	-62104704.213
run58	27951	2974	412335	5.05646e-04	4.03972e-05	1.43850e-05	1.16537e-04	2884	85246	-63119791.816	-62104704.213
run59	11006	17793	466588	1.00433e-04	1.87137e-05	2.14337e-05	1.27501e-05	169603	1110322	-63352777.003	-62104704.213
run60	11141	29241	450363	8.09825e-05	3.24814e-05	1.85300e-05	6.12188e-06	128124	145191	-63479160.671	-62104704.213
run61	8659	22704	495035	1.22049e-04	2.55713e-05	3.02632e-05	6.28704e-06	152624	1215056	-63344073.867	-62104704.213
run62	5753	28132	514181	1.25295e-04	4.36629e-05	4.03023e-05	1.14962e-06	137563	1851777	-63341901.239	-62104704.213
run63	15897	1516	515831	8.69143e-04	5.71038e-06	1.51092e-05	2.58704e-04	185818	511757	-63395048.059	-62104704.213
run64	14624	2003	515319	5.26053e-04	1.80117e-05	1.35908e-05	1.80361e-04	177897	446555	-63388348.862	-62104704.213
run65	9578	23364	486854	9.67642e-05	2.36150e-05	2.68237e-05	5.50656e-06	159277	830599	-63345313.072	-62104704.213
run66	8070	22078	504307	1.12853e-04	2.39616e-05	3.25453e-05	5.10807e-06	142776	1338835	-63342229.790	-62104704.213
run67	26431	1836	208869	8.02245e-04	7.74986e-05	8.30894e-06	2.07052e-04	2230	94377	-63109995.451	-62104704.213
run68	10505	39411	542230	1.06120e-06	5.99068e-05	9.14755e-06	8.13840e-06	77692	1892110	-63358232.272	-62104704.213
run69	9118	27047	477439	9.82456e-05	2.18531e-05	2.59514e-05	4.33989e-06	160396	806660	-63341406.668	-62104704.213
run70	24350	4042	453713	4.39850e-04	4.49461e-05	1.39784e-05	6.96011e-05	3271	88663	-63121012.940	-62104704.213
run71	8272	31930	507533	1.14384e-04	2.22561e-05	3.28194e-05	8.24717e-08	150698	1626241	-63351653.383	-62104704.213
run72	8840	38722	560065	1.20609e-06	6.98179e-05	1.26025e-05	7.79256e-06	65736	1727846	-63355772.369	-62104704.213
run73	26363	2386	203564	6.31866e-04	7.17372e-05	7.12641e-06	1.58406e-04	2659	84661	-63106323.642	-62104704.213
run74	12354	20835	444212	1.01224e-04	1.15340e-05	2.24345e-05	9.71794e-06	158268	637930	-63354687.271	-62104704.213
run75	10213	14683	508278	1.05070e-04	1.58137e-05	2.22281e-05	1.68207e-05	162946	1583211	-63344908.080	-62104704.213
run76	26324	5273	202678	3.37813e-04	2.38763e-05	1.94799e-05	4.85558e-05	4132	97502	-63114017.752	-62104704.213
run77	14022	1969	474845	5.46835e-04	6.80388e-06	1.69259e-05	1.96009e-04	167223	463271	-63397472.563	-62104704.213
run78	10271	10563	494351	1.15692e-04	1.82123e-05	2.37646e-05	2.52493e-05	134719	1423957	-63355840.277	-62104704.213
run79	8707	39726	559388	1.05289e-06	6.04135e-05	1.14500e-05	8.51666e-06	71084	1871827	-63353445.390	-62104704.213
run80	11938	24980	478018	1.03867e-04	1.53081e-05	2.05846e-05	6.43306e-06	48069	175421	-63462719.280	-62104704.213
run81	6648	28032	505532	1.43960e-04	3.21107e-05	3.72929e-05	2.57345e-06	120937	942203	-63348448.598	-62104704.213
run82	28568	3004	213987	5.14929e-04	5.32973e-05	1.09192e-05	1.03222e-04	2878	90051	-63106280.986	-62104704.213
run83	6777	28270	523285	1.41758e-04	3.21515e-05	3.69021e-05	1.86686e-06	131803	1409737	-63353243.776	-62104704.213
run84	9519	15459	514796	1.08487e-04	1.72966e-05	2.71040e-05	1.42772e-05	138467	1076891	-63348595.525	-62104704.213
run85	9521	21397	476899	1.25257e-04	2.32738e-05	2.75304e-05	7.30318e-06	153594	1483105	-63345376.152	-62104704.213
run86	10177	10697	533851	1.26692e-04	2.00025e-05	2.34085e-05	2.47523e-05	159603	1706473	-63347036.488	-62104704.213
run87	11535	24985	511328	1.05704e-04	1.71114e-05	2.22483e-05	4.49566e-06	155895	609325	-63350999.815	-62104704.213
run88	27231	4765	450970	3.68755e-04	1.81859e-05	2.06423e-05	5.69762e-05	4087	90963	-63127891.429	-62104704.213
run89	8879	26146	501811	1.16119e-04	1.99985e-05	3.05735e-05	2.03840e-06	152961	1727252	-63350370.307	-62104704.213
run90	9370	21817	517974	1.11395e-04	1.52980e-05	3.03732e-05	5.16265e-06	139712	843980	-63349839.035	-62104704.213
run91	12743	11383	542041	9.91264e-05	1.30805e-05	1.94714e-05	2.22514e-05	150495	745392	-63355323.716	-62104704.213
run92	24802	8406	209339	2.24751e-04	1.01244e-05	1.78585e-05	2.49912e-05	6177	95320	-63152108.400	-62104704.213
run93	21700	2924	243657	5.78895e-04	3.88629e-05	2.70730e-05	9.94907e-05	2651	85609	-63114738.415	-62104704.213
run94	29586	10244	206973	2.14030e-04	1.04235e-05	1.68512e-05	7.76946e-06	6008	101265	-63158132.709	-62104704.213
run95	7493	31457	524206	1.10336e-04	3.18002e-05	3.27886e-05	1.92601e-06	162832	1750452	-63350549.539	-62104704.213
run96	25362	3669	326212	4.60307e-04	3.70411e-05	1.53653e-05	8.60228e-05	3425	93756	-63114595.851	-62104704.213
run97	8267	13852	526533	1.37789e-04	1.64084e-05	3.12653e-05	1.51487e-05	136255	1926516	-63346067.605	-62104704.213
run98	4477	21944	390075	2.00417e-04	3.45948e-05	5.43050e-05	3.84595e-07	23214	182027	-63465599.451	-62104704.213
run99	4535	24387	445338	1.59505e-04	5.57032e-05	5.05816e-05	2.36266e-07	35438	273373	-63460046.939	-62104704.213
run100	26762	2378	212220	6.26884e-04	7.02886e-05	8.26527e-06	1.53220e-04	2513	91065	-63106199.480	-62104704.213
