Run	N_CMC	N_CME	N_CMS	DIV12	DIV02	MaxEstLhood	MaxObsLhood
run1	48991	47910	339491	24955	33269	-64820074.076	-62104704.213
run2	42601	49187	298942	25682	28178	-64821510.506	-62104704.213
run3	39834	47615	275900	25757	27327	-64822251.456	-62104704.213
run4	44776	50986	327535	27130	30444	-64815453.930	-62104704.213
run5	41898	52975	436856	29551	29832	-64824832.474	-62104704.213
run6	42307	49740	327626	26115	27271	-64819489.678	-62104704.213
run7	43866	55133	450561	28593	29148	-64828550.726	-62104704.213
run8	46798	50757	329287	27360	31776	-64817049.255	-62104704.213
run9	41194	51937	365873	27812	28484	-64820820.811	-62104704.213
run10	44321	50829	399879	27080	29765	-64819887.027	-62104704.213
run11	44756	49487	308587	27141	29300	-64820439.621	-62104704.213
run12	47015	58911	434706	31425	31750	-64828530.453	-62104704.213
run13	46415	54789	346264	28511	30295	-64821706.520	-62104704.213
run14	44039	52494	372322	29245	30246	-64822677.527	-62104704.213
run15	45808	53277	333181	28610	29918	-64818277.470	-62104704.213
run16	47930	59416	418709	31815	32431	-64826574.164	-62104704.213
run17	46717	50153	301931	26430	30417	-64819570.386	-62104704.213
run18	45620	56113	365229	29470	30449	-64823055.933	-62104704.213
run19	44049	55118	370308	28606	29905	-64822075.489	-62104704.213
run20	44889	55381	410967	28552	30327	-64820967.577	-62104704.213
run21	42821	52964	295983	27177	27857	-64820800.326	-62104704.213
run22	45795	55580	373045	30554	31522	-64821086.286	-62104704.213
run23	42305	50448	292981	26883	28189	-64820173.885	-62104704.213
run24	46112	58610	424080	31783	32302	-64829948.132	-62104704.213
run25	47527	57265	376258	30162	31573	-64825677.025	-62104704.213
run26	45754	59553	433421	30506	31122	-64829355.966	-62104704.213
run27	46207	54003	379198	31008	31473	-64820479.782	-62104704.213
run28	43532	53649	393452	27560	29018	-64822107.316	-62104704.213
run29	42469	49244	321156	25596	28656	-64818525.721	-62104704.213
run30	42279	46725	349082	25363	27814	-64816601.524	-62104704.213
run31	48698	55221	441306	30336	32686	-64835044.496	-62104704.213
run32	42120	50615	312128	26307	28862	-64819198.169	-62104704.213
run33	43602	51067	375605	27715	28967	-64818824.711	-62104704.213
run34	45272	54335	306755	28597	30036	-64824643.925	-62104704.213
run35	46021	55686	405110	28914	30408	-64825864.411	-62104704.213
run36	45442	55466	391302	30183	31415	-64822862.327	-62104704.213
run37	46419	39115	264734	20181	30003	-64827084.076	-62104704.213
run38	48108	59931	394303	31462	32995	-64827450.173	-62104704.213
run39	40522	48340	286592	24820	27602	-64821227.323	-62104704.213
run40	41869	45520	306712	23916	28796	-64819311.994	-62104704.213
run41	42189	52355	456712	28989	29741	-64825853.332	-62104704.213
run42	43789	55441	406442	28946	29652	-64824798.633	-62104704.213
run43	44057	54882	331183	29240	29786	-64820995.204	-62104704.213
run44	43638	50261	348246	25525	28994	-64815770.193	-62104704.213
run45	42724	44357	325383	24267	28585	-64815201.730	-62104704.213
run46	48946	2063	227870	942	33101	-65040148.839	-62104704.213
run47	43070	51389	362509	27150	29372	-64820628.389	-62104704.213
run48	43790	53964	365306	28425	29054	-64816976.905	-62104704.213
run49	45599	53974	357252	28465	29473	-64817625.072	-62104704.213
run50	41758	50932	321869	26282	28829	-64816757.059	-62104704.213
run51	48049	60071	427854	32969	33582	-64833803.172	-62104704.213
run52	48105	59691	341706	30814	32210	-64823223.610	-62104704.213
run53	43692	54736	356207	28780	29594	-64821120.088	-62104704.213
run54	46565	52287	384952	27801	32499	-64820254.990	-62104704.213
run55	43776	50736	313360	26872	29606	-64822620.362	-62104704.213
run56	42171	46756	302673	23538	28054	-64821552.892	-62104704.213
run57	48245	52919	395968	29072	31104	-64821776.520	-62104704.213
run58	43400	52376	309714	26957	29955	-64820014.871	-62104704.213
run59	42653	52189	394776	27512	28645	-64820333.096	-62104704.213
run60	48531	55996	426119	29592	33861	-64831098.869	-62104704.213
run61	41247	43999	280076	23662	28856	-64823089.830	-62104704.213
run62	44898	56147	344399	29122	30103	-64820677.038	-62104704.213
run63	43778	52261	364959	28049	30071	-64821262.666	-62104704.213
run64	46613	47422	286734	24798	30455	-64824056.876	-62104704.213
run65	42801	54747	309814	27607	28427	-64821672.210	-62104704.213
run66	45978	56676	346190	29517	30424	-64818174.861	-62104704.213
run67	45455	47922	296282	25593	30539	-64821280.728	-62104704.213
run68	42340	49529	316291	25436	26974	-64818947.673	-62104704.213
run69	42473	48142	1388686	26519	29852	-64905349.560	-62104704.213
run70	43041	53596	287177	27556	28412	-64825093.384	-62104704.213
run71	46917	57827	315010	30326	32950	-64825614.939	-62104704.213
run72	41663	51780	411097	27902	28404	-64820426.350	-62104704.213
run73	41741	51801	335597	26654	28146	-64816549.812	-62104704.213
run74	43890	46595	322627	23235	28561	-64818136.002	-62104704.213
run75	43754	54698	451287	29112	29526	-64828384.881	-62104704.213
run76	44198	49611	306574	25296	29447	-64821587.599	-62104704.213
run77	45377	56503	380449	30621	31074	-64823174.935	-62104704.213
run78	42666	52341	358496	27396	28232	-64820445.973	-62104704.213
run79	43752	51539	323607	27058	28019	-64821065.400	-62104704.213
run80	43373	56581	385931	28658	29633	-64819248.035	-62104704.213
run81	46998	59561	397211	31403	31949	-64828717.635	-62104704.213
run82	42320	52787	384061	27654	27936	-64815681.528	-62104704.213
run83	46923	56125	379358	31163	32732	-64825164.921	-62104704.213
run84	46264	57831	371928	29766	31197	-64825248.500	-62104704.213
run85	47738	57356	476398	30745	31542	-64837803.087	-62104704.213
run86	43669	53253	341182	27380	28428	-64819206.761	-62104704.213
run87	46921	54080	351514	28712	31202	-64821945.710	-62104704.213
run88	39970	47184	327828	25288	27266	-64820402.385	-62104704.213
run89	43700	55490	434073	29199	29737	-64827067.790	-62104704.213
run90	42021	42195	244896	21401	28582	-64826059.005	-62104704.213
run91	39895	45993	282850	24475	27529	-64820260.001	-62104704.213
run92	42295	47153	259684	24905	28702	-64824619.317	-62104704.213
run93	45188	51683	369278	28375	29736	-64819974.779	-62104704.213
run94	45525	54924	373330	29016	30631	-64819509.833	-62104704.213
run95	47871	57945	419083	30882	31986	-64825544.070	-62104704.213
run96	43080	52196	398628	28743	29306	-64816650.050	-62104704.213
run97	46413	54472	357210	29657	30160	-64822335.347	-62104704.213
run98	42243	45661	294130	22938	28228	-64823643.637	-62104704.213
run99	42818	53717	458841	28457	29020	-64827932.298	-62104704.213
run100	46830	55350	403922	29516	31229	-64824154.230	-62104704.213
