Run	N_CMC	N_CME	N_CMS	MIG_C2E	MIG_E2C	DIV12	DIV02	MaxEstLhood	MaxObsLhood
run1	6591	71209	614757	5.93241e-07	1.11399e-04	45317	1964388	-63659979.222	-62104704.213
run2	7562	71825	614429	6.55089e-07	1.04910e-04	47118	1947842	-63663197.121	-62104704.213
run3	33693	8970	206866	3.12787e-04	4.71964e-05	3978	100249	-63237835.255	-62104704.213
run4	6960	73231	713236	5.25968e-07	1.07240e-04	47523	1960872	-63661999.687	-62104704.213
run5	7542	69409	602721	5.42648e-07	1.08509e-04	45768	1866345	-63664661.949	-62104704.213
run6	31177	7053	297648	3.59221e-04	5.96030e-05	3285	93719	-63228537.619	-62104704.213
run7	31128	8365	210900	3.06153e-04	5.16944e-05	3932	99819	-63234132.069	-62104704.213
run8	6893	68628	574726	6.28199e-07	1.18578e-04	42872	1927805	-63660082.672	-62104704.213
run9	7360	71941	581044	5.47623e-07	1.03408e-04	47072	1840208	-63666431.081	-62104704.213
run10	7136	71322	612632	5.59069e-07	1.04140e-04	47458	1922809	-63661581.375	-62104704.213
run11	1044	297604	617377	3.61771e-04	0.0012554	20373	411741	-63889415.417	-62104704.213
run12	7001	72688	595147	5.40984e-07	1.09227e-04	45307	1878740	-63660683.805	-62104704.213
run13	298315	8194	473993	1.87847e-04	1.48412e-04	38513	77410	-64850423.595	-62104704.213
run14	33227	7208	210040	3.41689e-04	5.49015e-05	3445	97035	-63220221.026	-62104704.213
run15	6020	64802	582037	6.86242e-07	1.18332e-04	42338	1868021	-63665096.356	-62104704.213
run16	7505	69635	607147	6.61185e-07	1.06807e-04	45004	1651569	-63663551.721	-62104704.213
run17	7235	72793	619897	6.67534e-07	1.01136e-04	48103	1796501	-63664813.959	-62104704.213
run18	32896	6977	204317	3.61306e-04	5.60397e-05	3252	94427	-63216255.327	-62104704.213
run19	35351	8851	209298	2.72937e-04	4.51469e-05	4194	108711	-63240639.770	-62104704.213
run20	7065	67914	608118	7.03042e-07	1.03337e-04	44778	1781704	-63666593.999	-62104704.213
run21	7356	71166	552176	6.48598e-07	1.07030e-04	46598	1735445	-63667954.226	-62104704.213
run22	6992	72552	580281	5.01093e-07	1.08096e-04	45948	1818218	-63661056.737	-62104704.213
run23	35578	8900	207827	2.94041e-04	4.87330e-05	4161	101917	-63233199.674	-62104704.213
run24	1032	405247	642247	4.09144e-04	0.0013324	18198	332232	-63888173.509	-62104704.213
run25	7219	70558	678866	5.97031e-07	1.10062e-04	45670	1885439	-63661946.366	-62104704.213
run26	33148	6369	1787945	4.11388e-04	6.54315e-05	3020	98721	-63252931.907	-62104704.213
run27	7649	74948	570746	5.39219e-07	1.07596e-04	47523	1851334	-63665995.344	-62104704.213
run28	39329	11694	267475	2.10673e-04	3.40475e-05	5779	109259	-63285287.651	-62104704.213
run29	35093	7772	416210	3.38630e-04	5.11737e-05	3445	104852	-63245425.712	-62104704.213
run30	7086	66537	500982	6.60849e-07	1.09514e-04	44615	1639815	-63672930.692	-62104704.213
run31	6895	70709	534773	5.81281e-07	1.09246e-04	46322	1849337	-63665713.596	-62104704.213
run32	33097	8306	211954	3.08704e-04	5.34174e-05	3847	107346	-63234282.881	-62104704.213
run33	7183	70866	607487	6.02115e-07	1.09117e-04	46422	1814800	-63661139.917	-62104704.213
run34	6530	66215	605057	6.28163e-07	1.17841e-04	44108	1908364	-63659739.311	-62104704.213
run35	358867	3870	310172	4.21817e-04	2.47220e-04	26419	74228	-64795345.031	-62104704.213
run36	7179	70796	754853	6.80612e-07	1.07058e-04	46618	1974103	-63655172.309	-62104704.213
run37	6712	66608	521500	5.48594e-07	1.17756e-04	42561	1835536	-63669044.993	-62104704.213
run38	32245	8371	215883	3.15034e-04	5.67994e-05	3752	106397	-63230398.097	-62104704.213
run39	553363	2549	252262	6.05064e-04	2.76119e-04	24718	74078	-64779849.838	-62104704.213
run40	6640	68850	613732	5.20390e-07	1.11617e-04	44106	1836547	-63661240.406	-62104704.213
run41	7469	72411	533072	5.68277e-07	1.10377e-04	45672	1630257	-63663976.760	-62104704.213
run42	32402	6650	215359	3.81226e-04	5.78702e-05	3170	100001	-63223112.744	-62104704.213
run43	6824	67545	525218	6.05820e-07	1.16975e-04	43594	1780028	-63668082.283	-62104704.213
run44	34028	6716	215602	3.52000e-04	5.82820e-05	3238	103821	-63224461.209	-62104704.213
run45	35258	9132	469439	2.64745e-04	4.65459e-05	4298	103764	-63264293.766	-62104704.213
run46	7256	76920	561918	5.46895e-07	1.06983e-04	47656	1771415	-63670520.969	-62104704.213
run47	33308	8946	457655	2.73547e-04	4.53808e-05	4187	102043	-63262635.227	-62104704.213
run48	6190	66578	569895	6.07881e-07	1.20387e-04	42603	1840210	-63661859.775	-62104704.213
run49	7620	71794	584474	5.27276e-07	1.06241e-04	46615	1968560	-63664523.097	-62104704.213
run50	35470	7839	444041	3.31490e-04	4.97081e-05	3688	99187	-63246200.633	-62104704.213
run51	6651	65084	511519	6.41271e-07	1.15192e-04	41689	1923897	-63664832.639	-62104704.213
run52	1019	292269	599433	3.49064e-04	0.0012615	20798	386088	-63886125.256	-62104704.213
run53	1059	268600	594175	3.14326e-04	0.0011367	22016	416559	-63896902.823	-62104704.213
run54	7347	76882	595720	3.76081e-07	1.04224e-04	48849	1942702	-63666183.177	-62104704.213
run55	7014	71559	647189	6.39704e-07	1.09795e-04	45146	1607030	-63660394.314	-62104704.213
run56	7252	72461	535428	5.84154e-07	1.02372e-04	46591	1876984	-63668660.041	-62104704.213
run57	7292	75234	609843	6.27824e-07	1.05175e-04	47424	1684709	-63665834.546	-62104704.213
run58	7179	63855	517573	6.54055e-07	1.15033e-04	43048	1970809	-63667978.808	-62104704.213
run59	31861	6513	462098	4.12191e-04	6.35675e-05	3061	98493	-63231965.084	-62104704.213
run60	6936	72101	628676	5.46167e-07	1.06494e-04	46746	1816775	-63659205.462	-62104704.213
run61	7664	73618	633607	5.81726e-07	1.04406e-04	48129	1737206	-63662747.827	-62104704.213
run62	7411	75466	572109	4.20886e-07	1.03963e-04	49060	1949841	-63667543.741	-62104704.213
run63	34413	6607	210508	3.74347e-04	5.48980e-05	3224	97450	-63222720.557	-62104704.213
run64	7350	71648	536296	4.94326e-07	1.09620e-04	46382	1901976	-63666765.404	-62104704.213
run65	35882	8916	246194	2.65116e-04	4.36750e-05	4316	98085	-63245677.527	-62104704.213
run66	33607	6803	202767	3.72664e-04	5.40219e-05	3182	101798	-63213549.785	-62104704.213
run67	1021	461308	527952	3.41063e-04	0.0011545	20639	369570	-63889370.541	-62104704.213
run68	7167	73515	578722	5.11328e-07	1.04302e-04	46573	1915365	-63662017.908	-62104704.213
run69	6951	70056	579565	5.15321e-07	1.08230e-04	45295	1796009	-63663902.178	-62104704.213
run70	33846	7038	430750	3.91535e-04	5.68854e-05	3267	92347	-63237488.345	-62104704.213
run71	6795	66961	568225	7.90327e-07	1.14868e-04	43470	1683451	-63665763.947	-62104704.213
run72	33433	6837	1076051	3.71733e-04	5.76808e-05	3206	97449	-63245171.109	-62104704.213
run73	7698	72400	624522	5.10611e-07	1.00871e-04	48315	1824783	-63664102.113	-62104704.213
run74	6480	66854	595636	5.18397e-07	1.21754e-04	42470	1877458	-63665611.331	-62104704.213
run75	30144	6115	506790	4.21025e-04	6.64788e-05	2835	88957	-63228784.011	-62104704.213
run76	34962	8617	209167	2.65808e-04	4.50542e-05	4282	105310	-63238412.985	-62104704.213
run77	30551	6096	204136	4.10908e-04	6.53914e-05	2758	102810	-63217156.208	-62104704.213
run78	7164	64635	575382	6.98217e-07	1.13116e-04	43215	1813053	-63667232.004	-62104704.213
run79	7071	74307	537231	5.60063e-07	1.02523e-04	47523	1603255	-63669447.441	-62104704.213
run80	6771	70102	617011	5.55430e-07	1.07492e-04	44396	1710780	-63664869.947	-62104704.213
run81	6755	72667	529744	5.78207e-07	1.06484e-04	46012	1850086	-63669681.508	-62104704.213
run82	33136	8726	202655	2.70468e-04	4.62052e-05	4291	106401	-63238316.097	-62104704.213
run83	6686	68463	570529	6.01989e-07	1.11160e-04	44458	1768396	-63665043.661	-62104704.213
run84	7350	74434	555991	4.46649e-07	9.98656e-05	47221	1962383	-63669969.539	-62104704.213
run85	7484	70891	590646	5.04539e-07	1.03863e-04	46912	1781977	-63663399.471	-62104704.213
run86	32677	7030	214892	3.81479e-04	6.10084e-05	3162	97492	-63215622.330	-62104704.213
run87	36370	8154	207781	2.85568e-04	4.89453e-05	3952	110256	-63238042.956	-62104704.213
run88	6929	74300	571392	4.58055e-07	1.08210e-04	44856	1914960	-63663830.244	-62104704.213
run89	7094	69920	571079	5.87660e-07	1.09702e-04	44672	1809691	-63661073.199	-62104704.213
run90	6359	70396	600766	5.48002e-07	1.14819e-04	43466	1845641	-63665290.585	-62104704.213
run91	32102	6093	209158	4.28347e-04	6.45232e-05	2874	92988	-63207098.445	-62104704.213
run92	6450	68954	502512	5.37465e-07	1.13250e-04	42686	1959590	-63669820.800	-62104704.213
run93	7449	67859	563212	5.89909e-07	1.12155e-04	44971	1720720	-63666595.107	-62104704.213
run94	7315	73991	552919	5.10464e-07	1.06184e-04	48069	1852643	-63667327.717	-62104704.213
run95	8093	72524	600949	5.24198e-07	1.01300e-04	48234	1831584	-63662997.691	-62104704.213
run96	7189	70312	540312	5.35727e-07	1.12025e-04	45316	1958531	-63665603.353	-62104704.213
run97	33901	8653	204385	3.15970e-04	5.23306e-05	3955	103716	-63229012.495	-62104704.213
run98	8245	74484	535040	5.77223e-07	9.65129e-05	49692	1564401	-63674219.957	-62104704.213
run99	7033	68153	614188	5.70552e-07	1.17418e-04	44556	1877084	-63661363.947	-62104704.213
run100	7869	72403	614270	6.91978e-07	1.01598e-04	48957	1694856	-63665998.470	-62104704.213
